-6.06212e-11
8.46707e-11
1.46437e-10
-1.25257e-10
-1.77229e-10
-2.79552e-10
-1.51522e-11
-3.7702e-11
-1.92417e-10
-3.55141e-12
5.18913e-11
-7.64371e-11
-9.18356e-12
2.86144e-10
-9.16779e-11
1.78505e-10
-4.47005e-10
-1.602e-11
-9.85039e-12
9.29825e-11
-2.80394e-10
-1.58133e-10
8.66845e-12
-3.04917e-11
-4.79697e-11
6.79514e-11
5.05016e-10
-1.53313e-10
4.40482e-11
2.51159e-10
1.39864e-10
1.79998e-10
-7.87855e-11
-1.08141e-10
2.06454e-10
8.04498e-11
-2.29383e-11
1.72056e-10
6.9859e-11
-1.90418e-10
8.73454e-11
-1.06306e-10
-9.6215e-11
1.19063e-10
2.43774e-10
-2.16228e-10
-7.83959e-11
1.60698e-10
-4.84314e-11
-5.27758e-11
1.61731e-10
-2.5076e-10
-1.57686e-11
7.67713e-11
1.95994e-10
-7.6294e-11
-1.28045e-10
-6.43375e-11
1.89256e-10
6.23791e-11
-2.62267e-10
-8.41559e-11
-8.74194e-11
-3.60435e-11
-1.50836e-10
3.99984e-11
9.78673e-11
-2.88327e-10
-5.13897e-12
2.69402e-10
-2.77172e-12
-5.9764e-11
-9.24414e-11
-2.16189e-10
3.18277e-11
6.03973e-11
1.71964e-10
3.29546e-10
-2.45522e-10
8.88663e-12
1.22824e-10
-6.9151e-12
6.21291e-13
-1.82406e-11
8.2517e-11
-7.59677e-12
6.957e-11
-7.8022e-11
-2.71062e-10
-9.21584e-11
8.66672e-11
-8.30256e-11
2.02031e-11
-1.05635e-10
-9.24677e-11
4.47173e-11
-5.39346e-11
1.40116e-11
3.12029e-11
-3.15008e-10
