6.26743
0.00218941
6.26107
0.0764987
6.27752
0.036737
0.00975606
0.0417209
0.0123665
0.00391228
0.0250696
6.26258
0.0094075
0.00396407
6.21147
0.0242307
0.00699315
0.00840417
6.26338
6.24831
6.26035
0.020298
6.27931
6.25476
0.00232918
0.0132063
6.1451
6.27201
0.0360391
6.26749
0.0172964
6.26263
6.24681
6.26258
6.27585
0.00615967
0.106738
0.0139407
0.0143987
6.25681
0.0267794
0.00819479
6.24188
0.0245322
0.051836
0.00519507
6.27992
6.27815
0.0163236
0.00611673
0.0434888
6.12701
5.8689
0.0559498
0.00444036
0.0618549
6.24066
0.00427512
6.2775
0.0725266
6.2734
6.27966
0.0126905
0.0328198
6.28055
6.19807
0.0102518
6.27073
6.26339
0.156695
0.0230386
6.25616
6.27742
6.26739
0.0054197
5.96106
6.28022
6.28094
6.27169
6.27129
6.28146
0.00289695
0.633072
0.0283091
6.26584
6.26583
6.26766
6.26967
0.0355505
6.27455
6.27346
6.27624
6.27789
0.0024658
0.0221676
0.00626856
0.00526156
6.02491
6.27248
6.27753
6.27979
6.21024
6.27028
0.0256539
0.00641953
6.27443
6.24587
6.28154
0.00150245
0.0505722
6.12807
0.00591906
6.20761
6.2665
6.22159
0.0882245
6.18951
0.0154008
0.0158343
6.28092
0.37576
6.2246
6.26876
6.24867
6.24371
0.00646679
6.26945
0.00561089
6.17712
0.133173
6.24605
6.27179
6.27899
6.21434
6.28068
6.28025
0.00364443
6.27799
6.24627
6.27766
0.0196176
0.0264366
6.27824
6.2766
0.0140341
0.0305941
0.0629941
0.0584997
6.27773
0.0268762
0.0264422
0.00253108
6.19975
6.26143
6.23272
0.00743297
6.27199
6.26003
0.0029031
0.0156336
0.00273382
0.0839546
6.26402
5.95051
0.0112982
6.277
6.27848
6.27519
0.508579
0.00321089
6.277
0.00837006
6.27909
6.22229
6.28193
6.24404
0.0100982
0.405398
0.00691627
0.00910456
6.21018
6.0852
6.27917
6.24077
6.27665
6.27944
0.00374268
0.00207502
6.19226
6.25618
6.27827
0.0256772
0.125158
6.24039
6.26915
0.0030474
0.219266
6.27649
0.00279086
6.23235
0.0187699
6.26507
6.27603
6.09985
0.00252081
6.2344
5.94214
6.27958
6.27438
0.00301931
6.27382
0.00343149
6.28084
0.00269876
0.00666455
0.12242
0.00582662
6.25317
6.26698
0.0125666
6.27039
6.25399
0.00130602
6.27941
6.27881
6.26001
6.27745
6.27072
6.2565
6.28106
6.25858
6.2706
0.00377877
6.22525
0.0154862
0.00328264
0.113232
0.00614719
0.0757828
0.014472
6.2707
0.00609299
6.2679
0.119123
6.0375
6.26992
6.26909
6.24069
6.26561
6.28011
6.2744
6.21539
6.24612
0.0138047
6.27815
0.0529328
0.00337455
6.25738
0.00734412
0.0564959
6.27557
0.00595176
0.00989025
0.0477876
0.36525
0.0115101
0.0657283
6.27847
0.0247487
0.0315738
6.27431
6.28145
0.00923555
0.0469439
6.26674
0.0317224
0.00137727
6.14933
0.0443257
6.27565
0.0336322
6.27666
0.0171333
0.00339962
6.08026
0.00138784
0.00269881
1.85
6.25027
6.25909
6.26502
0.0158604
6.2734
6.22733
6.13126
0.094634
0.163571
6.28143
6.2786
0.052438
6.21853
0.0022232
0.0376225
6.26786
6.19354
0.00475139
6.27885
6.27878
6.2803
5.90439
6.27822
6.17137
0.00568217
6.27871
0.032931
6.27838
0.0221464
6.12779
0.00551293
6.26928
6.23371
6.23147
0.0128585
6.2788
0.00687097
6.25327
6.27849
6.27695
6.27976
0.0059407
0.0305596
0.00994848
0.00154025
0.00516468
0.00317706
0.0137755
6.2622
0.0166453
6.27629
6.26852
6.26417
0.0187858
6.27463
6.2449
0.0936994
0.0142176
6.27399
0.00258795
6.26675
0.0173316
6.26836
6.27174
6.26554
0.0023115
6.25808
0.00640941
6.27803
0.0047568
0.50986
6.26598
6.27679
0.00639711
0.0264478
0.0152551
6.24089
6.14317
6.17983
6.2793
0.016998
0.0217919
0.00993252
6.2647
6.26246
0.0358872
0.0317773
0.012156
0.00260642
6.2765
6.24364
6.24611
0.00206026
0.0501825
0.02419
0.0284682
0.0154516
6.25809
0.0216943
0.0658902
6.27515
6.26854
6.27674
6.27084
6.2783
6.27344
0.0259777
6.2729
6.24894
5.7747
6.27312
6.17574
0.0453069
6.10632
0.00165857
0.00365606
6.27966
6.25294
0.00276744
6.28011
6.26524
0.271487
0.0139567
6.27744
0.0042728
5.68506
6.27096
0.0462687
0.00735013
0.641584
0.0285192
6.28013
0.0107667
0.08014
6.28035
6.27131
0.00871914
6.25672
0.0688714
6.26652
6.23823
0.00493476
6.19896
0.0178387
6.25481
6.2784
0.00435975
0.00732425
0.00852682
0.059693
6.27893
0.0536771
6.24056
0.00966581
6.26358
6.27785
6.2757
0.00659531
0.00659775
0.0220916
6.17425
6.27608
6.27833
6.27977
6.27961
6.27772
0.29141
0.00984008
6.27074
0.0292108
6.27585
6.22148
1.43332
6.26926
0.0196827
0.0958487
0.0110058
0.00470046
0.0389684
0.00320552
6.18189
0.0741765
0.0035722
0.0463559
0.00226767
0.00336789
0.00922934
6.26627
6.23675
6.25853
6.27813
0.0250197
0.0111633
6.27716
6.25756
0.00498544
6.2804
0.00122636
6.26825
6.26546
0.0292689
6.23487
0.0178457
0.00772276
6.25268
6.27981
0.0147012
6.25466
6.25775
0.0118109
6.26927
6.25603
6.28108
0.00872038
6.26289
6.26624
6.26225
6.24512
0.0652244
6.26957
0.183357
6.1878
0.225046
0.00303205
6.27754
5.85035
0.00954253
6.25199
6.27921
6.26472
0.0250304
0.0139141
6.27778
0.00699635
6.24529
0.0189319
0.00503273
6.26582
6.27621
6.2627
6.24284
0.0430627
6.27056
6.24413
6.23067
0.00143182
0.0267573
0.00332936
6.27386
6.27468
6.27115
0.00466119
0.0322608
6.27332
0.044589
6.19179
0.00367259
0.0214142
6.2575
0.00576532
0.0203412
6.28152
6.25225
0.00292716
6.02125
0.00629262
0.00319535
6.2393
0.0164101
0.025498
6.27804
6.27608
6.24873
0.0141126
0.0132134
0.018058
6.27594
0.0217761
6.19915
6.28068
0.0158584
0.0404205
0.00532324
6.22626
6.21535
6.26985
0.0204385
0.00737109
0.0188042
0.00532369
6.27463
0.0735797
0.0929485
0.00191046
0.37416
0.00651297
0.00314062
6.27659
0.168716
0.0103327
6.28042
0.0101834
0.04516
6.26344
6.24197
0.00879189
0.00455034
0.0655315
0.017405
6.25209
6.25798
6.27761
6.2799
6.28082
0.053823
6.25988
6.26729
6.26487
0.00637023
6.27859
0.0111159
6.13528
0.0101525
0.0304341
6.27656
0.00123078
0.0106724
6.27812
0.0578746
6.23462
0.0636293
6.21582
6.26931
0.00270491
6.26522
0.00516803
6.28182
0.0197581
4.54552
0.00903144
6.27679
0.00486098
0.0175269
0.0147165
6.22661
0.0064583
6.26671
6.27897
6.26771
6.28053
0.0802765
6.26171
0.00191408
0.0288142
6.2813
0.0115364
0.0143811
0.0122373
6.27656
6.27426
6.27145
6.01041
0.00865418
6.27186
0.0105878
0.0483515
6.28164
6.26618
0.00253559
0.0125872
6.2785
0.00398853
0.0247637
0.0411218
0.00323472
0.0167694
0.0298563
0.00815897
6.27957
0.0127813
6.2586
0.222073
6.2773
0.00782794
0.0151912
6.26871
6.27552
6.26843
6.08051
6.2166
0.00600533
0.00235884
0.0557955
0.00347401
0.0159203
0.0371078
6.28151
4.61094
0.0521001
0.0108148
0.00694023
0.00609544
6.2815
6.26656
6.26181
0.00567774
0.183843
0.00789368
6.25173
6.27178
6.27993
5.9323
0.00817159
0.0230843
5.94307
0.104658
0.023526
0.00910381
0.0259055
6.2704
6.15935
6.27848
6.27829
6.26413
0.01152
6.24365
6.23363
0.00748764
0.0211247
6.27752
6.10338
0.0101309
6.27944
6.2791
6.24382
6.21161
6.27214
6.27017
0.0284252
6.27972
6.27794
6.27389
6.27847
6.22053
0.00422367
6.24675
0.220039
0.0173553
0.0143091
0.0161413
0.001929
0.00569379
0.0043457
0.0132584
0.0102485
6.27247
6.26351
0.0737194
0.0184258
0.0551181
6.26828
0.028187
6.27149
6.27221
6.21134
0.396717
6.28053
6.27851
6.09023
6.27121
6.27309
6.2676
6.27307
6.25153
0.00156034
0.111763
6.27321
0.158853
0.0291835
0.0127396
6.24236
6.2765
0.00223666
0.00214422
6.27258
6.27955
6.24222
0.00852426
0.0247189
6.2801
0.010792
0.0161415
6.23118
6.27888
0.0235632
0.00809516
0.0102664
0.00171178
6.24905
0.452736
0.00579836
0.0313567
0.0189301
6.27626
0.0051287
0.00400112
6.28102
0.0134585
6.27563
0.481458
6.27625
0.00497914
0.0100515
0.0123792
0.0396951
6.28166
6.25762
0.00939835
6.2725
6.04154
6.27686
6.27646
0.00662457
6.27296
6.2618
6.03859
0.648466
0.00551581
6.26852
0.0772021
0.0305725
6.26729
6.27703
0.0284883
0.0858696
0.00831001
6.25553
6.27613
6.24718
0.0268302
6.25265
6.26748
6.27468
0.0101768
6.27747
6.27834
0.0107627
6.28001
6.26337
0.0204728
0.00314182
6.27086
6.24246
0.00393603
0.00298268
6.25371
6.13496
0.00404693
0.0100343
0.0127156
0.0250851
0.0167572
0.006257
6.27326
6.26326
0.0110946
0.00960999
6.27316
0.0300484
6.27788
6.26349
6.16411
0.00347155
0.00603574
6.28021
6.15603
6.28171
0.00840498
0.00182006
0.00885611
0.00291886
0.0102283
6.27603
0.00286636
6.26364
0.0327892
6.27622
6.28109
0.0873406
6.26246
6.27902
0.00916093
0.0436755
0.00842195
0.0638114
6.28129
6.2813
0.130812
6.21863
0.151649
0.0221565
0.0101286
0.00664039
6.27534
0.0183583
0.00371807
6.26804
0.00722688
0.0739488
6.23103
0.013841
6.2619
0.00977294
5.52267
0.213457
0.00915415
6.26385
6.27963
6.26244
0.0727752
5.86223
0.160207
0.106022
6.27603
6.27402
0.0221787
0.00124745
0.00755547
6.27284
0.0251177
0.00675533
6.27046
6.27071
0.013
0.00185334
6.22291
6.25645
0.00285362
0.0146229
0.0104565
0.162968
0.0506556
0.0106563
0.00551491
6.24748
6.27213
0.0131968
0.0150078
6.23899
6.11593
6.27383
0.00540934
0.0716234
6.278
6.27252
6.27704
6.22503
0.0837048
6.27629
0.0480265
6.2773
0.00632683
0.0139014
0.00514212
0.0656457
0.00317123
6.15157
0.0523153
0.0137333
6.27178
6.26889
6.2624
0.00354298
6.25748
5.84483
0.0302661
6.2165
0.00791953
0.0107877
6.27031
6.27283
0.0245114
6.13028
6.27679
6.26204
6.26458
0.00196427
0.0605933
6.27373
6.27574
0.00731169
6.25129
0.016113
0.00177408
0.0159105
6.26033
0.0401055
6.28131
0.0271073
6.23105
6.27025
0.00389426
6.27787
6.20542
6.19756
6.272
6.26741
0.00207794
6.26649
6.27483
6.28068
6.26243
0.166268
0.0093701
6.25386
0.00309942
6.24896
0.0114124
0.221776
6.28051
6.24937
6.25139
0.0217876
6.28031
0.00140335
0.00262088
6.13596
6.26175
6.26832
6.24974
6.27604
0.0212169
6.2777
6.27898
0.00417993
0.00567562
6.27423
0.0167901
0.00776687
6.27699
0.00451343
6.27578
6.27423
0.0404853
6.26374
0.136998
0.00601373
6.27419
6.25698
6.14254
0.0140773
6.27545
0.0143322
6.27724
0.00395928
6.27992
0.00483816
6.2805
0.00628477
6.27894
0.0157462
0.00641336
0.00590867
0.0951725
6.28169
0.0428792
0.0936374
0.00225487
6.25653
0.0462925
6.26221
0.00516539
0.00331629
6.27664
0.00848191
0.0117975
6.27459
6.26542
6.27673
0.0469643
0.0299357
0.0393371
0.00468394
6.24005
0.00467212
0.0322522
0.0284853
6.25374
6.14885
0.00315697
6.27757
6.28124
6.26573
0.102244
0.00280751
0.00775197
6.27457
6.27194
0.0114959
6.27004
0.0137217
6.27038
0.00483281
6.27228
6.26172
0.0148691
6.27201
6.27809
6.27878
6.27483
0.0523057
0.0150931
0.0102634
0.0257812
6.27933
6.27875
0.00413449
0.0192219
6.28115
6.26403
6.25813
6.27942
0.133994
0.0113563
6.27494
5.99279
0.0100154
0.00369977
6.21767
6.26181
6.27615
6.23607
0.0178916
6.13761
0.00127478
0.00983193
6.27971
0.794635
6.27786
6.1321
0.0343427
6.20445
6.27974
0.0041749
6.26822
6.23607
0.0232516
6.26788
6.23833
0.00598425
6.26477
0.0160225
0.0142448
6.25801
0.0326373
0.0429894
0.0113631
6.25446
0.00970556
0.0564265
6.27926
0.0234411
6.26676
0.00883656
6.1158
6.28037
6.27306
0.0244823
0.00362481
6.27159
6.27725
0.00373644
0.0127088
0.219716
0.00875335
6.19776
0.0310364
6.26463
0.0317098
0.00603649
0.0178261
6.27041
6.22445
6.27039
0.0631599
0.00816213
6.27601
6.23131
6.27569
0.00343966
0.0156652
6.2716
6.27079
0.00677165
6.27001
6.27981
0.066179
6.27171
0.0366509
6.28027
0.0178523
6.26503
0.0540943
0.0571511
0.0435768
6.27946
0.0160154
0.138363
6.27924
6.27869
0.0733182
0.108151
0.360734
0.0842628
0.0231811
0.00301029
0.00695457
0.647153
0.0427217
0.340335
6.27738
6.27268
0.00613655
0.00618552
6.2693
0.00302127
6.26454
6.11361
0.0283517
6.27123
6.26936
0.161371
0.00903932
0.00891082
6.27983
0.0292484
6.23924
6.27251
0.00475937
0.019705
6.27522
6.2242
0.0430833
0.00304833
6.2739
6.20042
5.81522
0.0123897
0.0217045
6.26602
0.302658
0.0738768
6.27811
0.0203244
0.156334
6.2737
6.21451
0.00479056
0.00730002
6.27624
6.27214
6.22617
0.0164636
6.27035
0.0355875
0.00882949
0.00781381
6.27917
5.9668
0.00495743
6.28062
6.21694
6.27762
6.28084
6.2176
0.125618
0.00665329
6.26788
0.00483507
6.25342
0.499845
0.0408225
6.27977
6.17416
0.00664142
6.27597
6.28156
6.26029
0.0159844
6.11021
6.26497
6.28122
0.00955907
0.0107197
6.27785
6.28018
6.27842
6.27138
6.27893
6.27984
0.0118704
6.27132
6.27291
0.00854276
6.25127
0.00318068
0.00644083
6.24885
0.00464486
6.26425
0.00901192
6.2659
0.0125129
6.24055
0.0252115
0.044353
0.0174915
0.00385937
0.0382241
0.003009
0.0271244
6.28187
0.0502055
6.21198
6.17651
0.0111622
0.16431
6.28012
6.25703
6.27804
6.27859
0.0354902
6.25635
0.0353444
0.0415655
6.27739
6.26533
0.00476251
6.26704
0.00582922
0.0132521
0.0290918
0.0331221
0.00490953
0.0118511
6.26186
6.27311
6.26439
6.01856
6.25851
0.0165877
0.0192742
0.0548685
0.0661841
6.27215
6.26682
6.27798
6.27501
6.27992
6.2796
0.00465074
6.26718
0.0361184
0.143539
6.2748
6.27488
6.2714
6.25314
6.22047
6.14159
6.17021
0.0516279
0.0291443
6.25642
0.019721
0.00160062
0.00348539
0.0412334
6.19216
0.0101222
6.01462
6.27943
6.24594
6.23367
6.27796
6.27893
0.031381
0.0186884
0.00567749
0.0157082
0.0223545
0.00620551
0.0104662
6.22969
6.26238
6.20676
6.25587
0.00393884
6.28121
6.23372
6.27342
0.168732
0.0782351
6.20052
6.27526
6.27029
6.21668
6.2784
0.00839528
0.00178342
0.019787
0.0300225
0.0130954
6.28037
6.2764
6.26258
6.28141
6.26263
0.00997388
0.0309886
0.447419
0.00772755
6.27626
0.0106011
0.137604
0.0113314
6.27659
0.0047889
0.00606899
0.00170735
6.2742
6.2739
0.0475263
0.0794988
0.00322524
6.24028
6.27601
6.21151
6.26658
0.00695778
6.27287
6.25578
0.0645098
0.0352396
6.27813
0.0121455
0.0223265
0.0133163
6.24913
6.27527
0.00417174
0.00423455
6.23868
6.27452
0.0791598
0.00829395
0.00139205
0.00860954
0.0208561
6.27486
6.25392
6.27814
6.27701
6.28108
0.0780614
6.19807
0.00600425
6.27784
6.27558
0.00392628
6.22711
5.97319
0.0241736
6.27225
0.149119
0.0210074
0.179988
6.28112
5.73412
0.0417466
6.25166
0.00340583
0.00293059
6.1117
0.0620302
0.0028463
6.22125
0.0378824
6.24801
6.27697
0.00574598
0.119369
0.00241906
0.0800017
6.24475
0.0223781
6.20767
0.0311532
0.0309971
6.27705
0.00194201
6.24641
6.2736
6.27282
6.23725
0.00190309
0.010938
6.28009
0.00721881
0.00603991
6.27339
0.0262704
0.00854905
0.0271052
0.0357906
0.00797812
0.00971274
6.2796
0.019078
0.0499056
6.28059
6.27408
6.26882
6.27454
0.0272544
0.00562863
0.00284327
6.27862
0.00215188
0.00247996
5.98364
0.193265
0.00468483
0.00536039
0.00987545
5.84742
0.00579284
6.27027
6.27375
0.00326968
0.0622007
0.077575
0.0151908
0.0172943
6.27419
0.291153
6.22689
0.00196238
6.27428
6.28134
6.24454
6.21203
6.21763
0.00157045
6.28016
0.0815297
0.00588181
6.28005
0.034547
0.0333797
0.00166068
6.26297
0.0074451
0.00735296
6.27384
0.0100908
0.0137793
0.0151865
6.26789
6.26701
6.28104
6.26176
0.00565163
0.105541
6.27215
0.00584304
6.27258
6.27907
0.0447046
0.0103171
0.00382574
6.24639
0.00526029
0.17607
6.23595
0.0109305
0.00666996
6.2395
0.00225769
6.27954
0.00752546
6.25709
0.0149685
0.330737
6.27507
0.0353791
0.05404
0.00368831
0.0141207
0.0643711
6.26765
6.28048
6.27902
6.27301
0.0292043
6.27796
0.0868662
6.23677
6.2818
0.00650049
6.25684
0.0140113
0.00929451
6.27649
6.28034
6.24748
6.25272
0.00394919
0.0017081
0.0483265
0.0390727
0.0133332
0.0123494
0.0274611
6.22706
6.28074
6.26593
6.23914
6.25861
6.19574
0.0148981
0.00189712
0.00229658
0.0452004
0.0161425
6.25942
0.00531558
0.018456
0.0203927
6.28136
6.24306
0.0513666
6.25493
0.0139012
6.2786
6.22528
0.018307
0.0178877
0.0616914
6.27516
0.00672558
0.00276495
0.00272031
0.00652133
6.27387
6.26117
0.00611055
6.24873
0.0479279
6.2728
0.00428001
0.0046223
6.28063
6.27153
0.0689406
0.00444829
0.184372
0.00381534
6.26319
0.00376008
0.0112244
6.14027
0.0418315
6.24216
6.25411
6.2812
6.2728
6.27823
6.28056
6.27932
6.22684
6.2746
6.2285
0.0764308
0.00824994
0.00650231
6.22193
6.27896
6.25791
6.25698
0.00411732
0.0321911
0.0107464
0.0327144
6.24687
6.27408
0.10671
6.27443
0.00377375
6.25799
6.27664
6.27096
6.2749
0.0065112
6.27072
6.27608
0.0631269
0.108191
0.00615698
0.00839659
0.0108919
0.0216371
0.00592901
0.00562692
6.25983
0.00499515
6.27558
6.2532
6.28128
0.0206757
6.21177
0.00569182
6.27816
0.0395983
0.397443
6.25822
0.00644109
6.26856
6.22948
0.170512
0.021993
0.685601
6.22245
0.12844
6.24742
6.25866
6.27813
0.00619288
0.0365673
0.0214502
0.0150999
0.0132001
6.16076
0.0244096
0.00574446
0.011368
6.27761
0.130342
0.00389408
0.0313663
0.00422831
6.27666
0.0165277
0.0050219
0.0356988
6.25876
0.00138334
0.0129995
0.00246584
0.00151298
6.26879
0.0133866
0.040382
0.00480239
6.28034
6.18178
0.00537652
6.27439
6.27524
6.22206
6.22541
0.0190676
0.00501273
0.00748552
6.24049
0.00344532
6.27463
0.0781693
0.0195111
0.035401
6.26962
6.07979
6.27317
6.27457
6.27545
0.00777779
6.27604
0.0265591
6.22811
6.27399
0.00356366
6.27523
6.27063
0.00729986
6.23582
0.012498
6.26919
6.27928
6.23469
0.0366499
6.2194
6.27361
0.00218103
6.26712
0.0273652
0.00818252
6.28146
0.313584
0.039265
6.27404
6.27786
6.27538
0.0146656
0.00643077
0.00577897
6.27348
6.27871
0.0247017
6.24625
0.183199
6.27957
0.0189761
6.26312
0.015422
6.27067
0.00322578
0.0973045
6.28163
0.00771192
6.27374
6.26357
0.00214044
6.09988
0.00352863
6.26609
0.183922
0.0130546
0.0733005
6.28135
6.25304
6.27652
6.26877
0.0066378
0.00427922
0.00329573
0.0083796
0.00530883
0.128222
6.27986
6.27043
6.27057
0.0020299
5.83726
0.00307597
0.0492828
0.00943021
6.27609
0.00607744
6.19995
0.0540204
0.0085431
6.27462
6.23836
0.0083478
6.28061
0.00735313
6.25195
0.0126372
6.27301
6.27789
0.00204693
0.00665422
6.26317
0.051118
6.26716
0.118595
6.26562
0.0243628
0.0243498
6.27783
6.26686
6.27519
6.28059
6.2737
0.0538569
6.25285
6.2792
0.00416731
6.27851
6.27325
0.00364579
6.26458
5.84288
0.0399437
0.00529995
0.0133597
0.00279472
6.27848
0.0101439
0.0176184
6.16234
0.00512527
6.27903
0.0425575
6.27305
6.0059
6.27149
0.0188081
0.0207385
6.27302
0.00638817
6.27919
6.27811
0.34363
6.25131
6.26105
0.00854041
6.28026
0.00825952
6.24856
6.27556
6.26809
6.27564
6.2791
0.00500745
0.0174361
0.041593
6.28087
0.00571049
6.27593
0.0143424
6.25007
6.26989
0.0334227
6.27706
0.0395548
0.0329576
0.212824
6.27684
6.26857
0.0367947
6.2326
0.165601
0.00434693
0.0177288
0.00321266
0.0164313
0.0463156
0.0176401
0.00236542
6.21032
6.20875
0.0357202
0.0106271
0.09673
0.0540778
0.00231093
6.27342
6.28063
6.25198
6.26672
0.143092
6.27526
6.27776
0.0538173
6.2556
6.27765
0.0112493
0.00789374
6.23535
6.22294
0.00495206
0.00589613
6.14498
1.41619
0.067569
6.2539
6.27288
0.018934
0.00247049
6.26462
6.25311
6.264
6.26113
6.19975
6.27102
6.26755
6.19782
6.21996
0.0362991
6.27927
6.26323
6.25696
6.27449
0.0679513
0.00403387
6.23767
0.0031116
6.17792
0.00336745
0.010301
6.2741
6.25724
0.00922614
6.27753
5.82244
0.026713
6.25963
5.91994
0.0098669
6.27694
6.25478
6.23039
6.2743
0.0452633
0.0958532
0.0107662
0.00398308
6.28062
0.00702001
6.27992
0.0465142
6.27493
6.27535
0.00342435
6.24904
0.0492544
6.28143
6.24901
0.00322192
0.00498011
6.27046
0.00264651
6.26336
6.28187
6.27612
0.0118897
0.0996372
6.26443
0.00947997
6.26249
6.27328
6.27332
6.2817
0.111378
6.27732
6.27163
6.24607
0.0271693
0.00281791
0.013353
0.00981929
6.27498
0.0187961
0.00646306
6.27199
6.23011
6.22829
0.00337458
6.2778
0.00331723
0.0649323
5.51613
0.00715413
6.26878
6.20183
0.0318069
6.27966
6.1521
6.22802
0.0696894
0.0352342
6.26732
6.26922
6.27905
6.03493
6.28002
0.00299905
6.27874
0.0121023
6.27427
0.00508682
6.27059
6.27237
6.27039
6.28181
0.148826
0.0794429
0.0465485
0.0194688
0.00323824
6.27183
0.00521121
0.00139182
6.27856
6.13833
5.68165
0.0110691
0.0330066
6.24665
6.27927
0.0322791
0.00420433
6.27324
0.00463452
6.26682
0.00161217
0.0213825
6.21043
6.26733
0.0351769
6.27459
6.27984
6.27901
0.272663
6.2658
0.0237166
0.0161082
0.00137846
0.00267
0.0113359
6.11269
6.27254
6.27893
6.19567
0.00282061
0.013094
0.00776946
6.27309
6.27011
0.0229615
6.12586
0.0148764
6.26355
6.2738
0.0316875
6.24443
0.0907115
0.0344727
6.27976
6.28131
6.27119
6.15589
6.27637
6.14111
6.20345
0.0327177
0.126908
0.00361105
0.00458858
6.17749
0.00619427
6.27666
6.28014
5.90652
6.27745
6.21702
6.14264
6.26434
0.0150422
6.28161
6.26789
0.21135
6.2768
0.0450026
6.27331
1.27325
6.26827
0.00702936
0.0131601
0.00502817
0.0552265
0.018381
6.2213
0.324987
0.0161285
6.16989
6.16158
6.27991
0.0480425
0.0168109
0.0156035
6.28136
6.28107
6.19107
6.10469
0.0076219
6.26214
0.0944125
6.27409
6.26324
6.26791
0.0264576
0.0462275
6.27526
6.27438
6.2819
6.26639
6.25949
0.0157997
0.0942837
0.0640834
0.00178834
6.2788
6.26715
0.0187609
6.09839
6.27344
0.00730343
6.27329
0.00439893
6.27308
0.0207356
0.193056
6.28044
6.21698
0.0027179
6.24868
0.0889423
0.00823818
6.17916
0.011818
0.123885
6.24099
6.26203
0.0146062
0.0654839
6.26071
0.00700793
6.2663
6.19415
0.00660806
0.0104443
6.25931
6.27875
6.20982
6.22017
0.00470968
0.088803
0.0134347
6.23287
6.28072
6.27947
6.27589
6.20248
6.25651
6.24824
0.0347832
0.0153865
0.0461101
6.25993
6.2718
0.0123986
0.013503
0.00395751
6.26707
6.26693
0.0021729
0.0543063
6.2133
6.27923
0.00221737
6.21312
6.27398
6.27765
0.0138336
0.0112407
0.0284474
0.00662566
6.24816
6.2777
6.27418
0.0364121
0.0130465
0.0284332
6.27169
0.573592
6.24208
6.26161
0.00288536
6.27887
6.28123
0.278404
0.0303135
0.00473285
0.00356246
0.082395
6.27353
6.27527
5.82349
6.27768
0.00243862
0.0251886
0.00435789
6.22206
0.00445597
6.27828
0.0113746
4.68327
0.00505047
6.26082
0.258691
0.09514
6.18984
0.047872
0.016914
0.0287188
0.0481756
6.11191
0.0103606
0.00157188
6.26207
0.00227176
0.0100135
0.0038575
6.2471
0.0093478
0.0105861
6.26723
6.27868
0.0359589
0.131315
0.0157592
6.08305
0.0290865
0.0251017
0.014004
0.0127703
6.27601
0.0110983
0.00222274
0.0114448
0.0109462
6.27601
0.0468142
6.2728
6.26674
6.28045
6.26897
0.00465413
0.057645
5.94758
0.00464329
6.27621
6.23861
6.27453
5.86938
0.012926
0.00788566
0.0024211
6.19029
6.26483
0.244029
0.0100149
6.21627
0.00445744
0.0168906
5.83726
0.0228748
0.00274655
0.06273
0.0133394
6.27359
0.01141
0.0271493
6.27975
6.27861
0.0259413
6.21342
0.0152845
6.28065
0.120029
0.00921959
6.26191
6.28007
6.27965
0.0108689
6.23508
0.00139591
6.2802
6.28114
0.0187813
0.0332658
6.26909
6.28105
6.27214
6.07866
0.00429024
0.00519332
6.27412
6.27878
6.25036
0.00982163
6.26476
0.0376641
0.947081
6.27135
0.0346795
6.2818
6.27661
0.0165703
6.27483
0.00267013
0.0538589
0.015644
6.27017
0.00161515
6.27831
6.03883
0.042644
0.0698531
0.017147
6.27675
0.107567
0.00518625
6.27526
5.93485
6.23703
6.26286
0.00278517
0.0346013
0.32594
6.27917
6.26229
0.00444288
0.0173711
6.28058
0.0113004
6.27209
0.00495769
6.27106
6.27619
0.0222357
6.27424
0.0272107
0.0428089
0.122998
0.00975055
0.0164218
0.00326635
6.18762
6.26089
0.0379081
0.00506232
0.0703747
0.0167722
6.07608
0.0327978
0.00552213
0.00574871
6.26114
6.2642
6.28162
0.00276593
6.28127
6.27528
0.042307
6.25135
6.27133
6.26067
0.00333228
6.20999
0.0197718
6.24842
6.27284
0.0108043
0.044721
6.24574
0.0962868
6.27085
6.27506
0.00430488
6.26737
6.26782
6.28112
6.23679
0.766861
6.21961
0.0223749
6.2273
0.180585
6.22695
6.27407
6.28038
0.00497738
6.27354
0.0430909
6.1448
0.0711565
6.25723
6.27258
0.00178498
6.22483
0.049594
6.24221
6.21185
0.0446086
0.00154659
6.17603
6.27063
0.0109311
0.00536606
0.00908008
6.27892
6.27542
6.27207
6.27773
0.0129135
6.21789
0.102108
0.0385866
6.27552
0.0172753
6.25075
6.27938
0.00706708
6.13775
0.0646769
0.0256053
6.27971
6.25618
6.27805
0.0105673
0.00238283
0.0120149
0.0291049
6.27405
6.2758
0.0115963
6.25145
5.9839
0.00227946
6.2797
6.25134
0.00580398
0.0134679
6.27311
0.0532231
0.00318062
6.27994
6.27836
6.13816
0.0674702
0.0707332
6.27548
0.136917
6.26964
6.25611
0.00252556
0.640155
0.0163579
6.21309
0.00857556
0.00513813
6.25156
0.0147387
6.19397
0.013882
0.0267694
0.00164428
6.27505
0.00164616
0.0271436
6.27406
6.24211
0.00754959
6.27544
0.0120709
6.14787
0.00936828
6.26866
0.0121561
6.17456
0.0295193
6.17379
6.27332
0.0164698
6.25211
0.0622804
0.0113643
0.0107599
6.27218
6.27806
0.0220324
6.23939
0.00206007
0.0094685
0.0330336
0.0368883
0.013753
0.00992066
6.27827
0.0116959
6.25257
6.27189
6.27219
6.27943
0.00194672
0.00435906
6.16444
6.26166
6.27972
0.379773
0.00726822
6.28001
0.0092924
6.21648
0.0390472
0.0411843
6.26935
0.00145327
6.24484
0.00440473
6.27217
6.28077
6.22979
6.28015
6.2552
6.26041
6.27171
0.0268144
6.27961
0.0217662
0.0115334
6.27407
6.27559
6.26546
0.0168949
0.0080654
0.0129628
0.0273685
0.0114366
6.16589
0.0167531
0.0127753
0.108839
5.96824
0.035895
0.0268373
0.016866
6.21037
0.0134796
6.28138
0.0463888
0.0130391
0.00988465
0.00638851
0.0222061
6.2406
6.27855
6.27779
6.27019
0.0434017
6.26454
0.0736177
0.00817164
6.23536
0.00373691
0.0195432
6.20091
6.23003
0.0113322
6.27781
6.25721
0.0209739
6.28065
6.27367
0.00163332
0.187815
0.103351
6.27555
6.27714
0.00772283
0.0255088
6.26203
6.23829
0.483547
0.0101116
6.27527
0.0116888
0.00330224
0.0022867
0.012632
0.010392
6.01147
6.2723
6.27304
0.00476413
0.00180434
6.14592
6.28011
0.0574204
4.91115
6.25712
0.0197922
6.26841
6.21245
0.00565231
6.19897
0.00640643
6.23965
6.22262
0.0541204
6.25612
0.00792211
6.21152
0.0168668
6.22932
0.0700081
6.25873
0.214846
6.25797
6.27532
6.27367
6.18555
6.20782
0.0106109
0.0207672
6.25402
0.00122173
0.00554919
0.00146846
0.00440873
6.27685
0.017959
0.00227702
0.0132369
6.24305
6.26972
0.0173143
0.0111615
0.0509226
0.0516276
0.0311245
0.00545231
6.14923
6.25658
6.2591
6.27976
0.00836931
0.022007
0.00983714
0.00372386
6.27185
6.2647
0.0182041
0.00358781
6.26108
6.12205
0.00705056
6.27237
0.0202904
0.00899425
6.13291
0.00457831
0.00199687
0.0114024
0.0319896
6.2758
0.017665
6.27773
6.2748
6.26919
0.011721
6.24989
0.0172961
0.0157253
0.00239108
6.1223
6.27901
6.26385
0.00908584
0.00206254
0.0219414
6.2686
0.00158347
0.00637439
0.16772
0.0102186
6.27314
6.27359
6.24192
0.0059558
6.26354
6.27317
0.00669162
0.00448202
6.24285
6.26853
6.27464
6.26298
0.00730366
6.26764
6.28038
0.0199393
0.0175373
6.25221
0.00751048
0.0120248
0.0258631
6.27426
6.25914
0.0791255
0.00273795
6.26841
0.0202917
0.0943743
0.0136898
0.00916713
6.24892
0.0106249
0.0438166
6.26951
0.107763
6.28006
0.00803433
6.21321
0.0066941
0.00360419
0.00708421
6.27748
6.26663
0.0050494
6.15272
0.00432141
6.26607
0.0249497
0.0297909
5.76344
6.24766
6.20567
0.00546785
0.0778687
6.27414
0.0108991
6.27945
6.28022
6.19567
0.0229736
0.0390276
6.2757
6.21732
0.0369018
0.00236787
0.00142469
6.28195
0.00422857
0.00225139
6.25968
0.0283678
6.24036
6.27908
6.27889
0.00179818
0.00883583
6.28028
0.0107149
6.16412
6.25114
0.0111936
6.27896
0.0161188
6.27885
0.0803421
6.26212
6.26668
6.26251
6.2814
0.00225936
0.00608939
6.27906
0.013961
6.26217
6.27732
0.00544775
0.0375492
0.0177367
6.28081
0.0906944
0.00792312
6.28026
6.27661
0.0209543
6.22305
6.27164
0.0105947
0.0441037
6.24572
6.28057
0.0169497
6.27689
6.27089
0.0122113
6.27893
6.25727
0.0146454
6.25731
0.0416071
6.27341
6.27926
6.25154
0.00824537
6.28047
0.00418994
0.00502746
0.00867763
6.24175
6.21213
0.00303226
6.22991
5.98661
0.0272795
0.0271969
0.019408
0.00603143
0.0499633
6.28188
0.0109668
6.27199
0.0129606
6.28026
6.11324
6.16258
6.28195
0.0120978
0.0224699
6.22914
6.25154
0.0130224
6.11444
0.00353627
0.0260212
0.519522
0.118113
0.00525679
6.25851
6.27164
0.00702276
6.26519
0.0458483
6.27428
0.21676
6.27084
6.27454
6.20458
0.0096941
6.27019
6.27186
6.2653
6.27251
6.22321
0.00343676
6.25621
6.22007
0.0109091
0.0144179
6.27301
0.0110454
6.25863
6.28172
0.0271136
0.00449527
6.22816
6.26834
0.0246935
0.0387084
6.06228
0.0432763
6.14301
6.07499
6.14403
0.0185092
6.26698
0.00405067
6.27776
0.0142979
0.0137214
0.0101199
6.27918
0.0318313
6.17283
0.0439695
0.084211
0.0146679
0.272152
0.0310621
6.27385
0.0114556
0.0281708
6.27248
6.27451
6.23857
6.27914
6.27177
6.26831
0.00165986
6.03668
6.27699
6.23036
6.27258
6.25845
6.2793
6.28097
0.0187926
6.25701
0.0149635
0.00333057
6.27114
6.27018
6.22904
6.20849
6.07547
6.24981
6.27867
0.0124834
0.00780853
6.2558
0.00412889
0.07586
0.0053971
0.0243679
0.00486258
0.0746544
0.0148992
0.0438103
0.0391357
0.0371566
6.27976
6.27122
0.015458
0.00405718
6.26948
6.27614
0.0392144
6.27594
0.019539
6.27955
6.26762
6.27805
0.00327907
0.0189729
6.243
0.0335096
0.0163167
0.0229433
0.00963169
0.0789574
6.28167
0.0761839
0.0234959
6.27474
6.27548
6.14167
0.00790868
0.015044
0.00863621
6.16655
0.0488593
0.012003
6.28007
0.0516146
0.175206
0.0162464
0.0031933
6.26317
0.00722679
6.27777
6.27799
0.185305
0.00148523
6.17625
0.0239886
6.27491
0.0169441
6.26567
0.0110248
0.00736375
0.156238
0.00598657
0.0775136
0.00157878
6.27879
6.23625
5.66528
0.00578931
0.00846789
0.0193695
0.00688673
0.00632086
6.27342
0.200932
0.0152542
6.27135
6.26866
6.27787
0.0431528
6.28044
6.24673
6.28182
0.053764
6.27186
6.28183
6.26564
0.00187551
0.00703924
0.00377939
6.26536
6.28179
0.00365837
0.00212853
0.0558764
0.00655416
0.00681863
6.27447
0.00542775
0.199449
6.25736
0.0991693
6.25612
6.27241
0.00390045
6.2796
0.0541246
0.0347698
6.19291
0.269172
0.0253584
0.0429114
0.0890654
6.27638
6.26049
0.0312244
5.99258
0.0305955
6.21687
6.27278
0.321763
0.00956047
0.0344223
0.00870851
6.26966
6.05873
6.26337
0.00491325
0.003531
6.25495
0.0126635
0.0269787
6.26317
6.16265
0.0622723
0.00694954
0.0255811
6.26296
0.00155226
0.00919937
0.00280672
0.274317
0.0489803
0.598991
0.00234869
0.0219483
6.22991
0.00760597
6.26386
0.0469167
0.00344421
0.0126463
6.27645
0.0110799
0.00905239
0.00361106
6.17611
6.18436
6.28083
6.27763
0.00766478
0.00468883
0.00416574
6.26678
6.26396
6.27929
6.25397
0.012167
0.0202505
0.0165286
6.26054
0.0013659
6.28157
0.00462527
6.28011
0.0161977
6.28177
0.160933
0.00457137
6.28002
6.27707
0.0143583
0.0108245
6.20348
0.0146228
0.0257082
0.00569834
0.0192881
0.00785202
0.124012
6.25239
0.00945907
0.018197
6.1934
0.0221019
5.84356
6.13016
6.25406
6.27535
6.26356
6.25662
0.00233481
6.26053
6.24003
0.00820794
0.0504143
6.27804
0.164226
6.25034
6.27204
0.00155865
0.0412599
6.21509
0.137044
6.27707
6.22029
0.0888522
6.2722
6.25231
6.25798
0.00538678
0.00266572
6.27826
0.00154146
6.28112
6.25985
6.25532
0.198607
6.27225
0.0383332
0.0577383
0.151467
0.0123442
0.0163821
6.28183
6.27335
0.0166966
6.27185
6.23161
0.0668711
6.25957
0.117747
6.21708
6.26475
6.27695
0.0254857
0.0257328
6.28113
0.0341294
0.00713835
0.0211505
6.23917
6.27363
6.28094
0.10045
0.00366687
0.00747208
0.0126757
0.00660135
0.00842566
6.26464
0.00733799
0.00608768
6.28138
6.27337
0.00929262
0.0249791
6.24819
0.0119438
6.19741
0.0101227
1.05569
6.27538
0.0215217
6.23434
0.0171948
0.00186248
6.27734
6.26861
0.0385674
0.00380045
0.00819617
6.27905
0.044649
0.0111
0.0433212
6.20795
0.00221689
0.00586506
0.0189674
0.0288791
0.0140822
6.26307
6.27706
6.22707
6.09784
0.00307285
0.0174482
0.0095488
0.00154425
6.26967
0.0664469
5.67863
6.13122
0.00692557
0.0708678
0.00457487
0.049402
0.0625576
0.012208
6.27746
0.0116047
6.26342
6.275
6.27925
0.0459115
6.24469
0.0106868
6.27079
6.20276
0.0222467
6.2689
6.25615
0.0146687
0.0040881
0.00643547
0.556174
6.26494
0.0024897
6.2033
0.00932196
0.0041829
0.00913401
0.0156358
0.0246801
6.22852
0.00661578
6.25016
6.26805
0.0324655
6.23306
6.26434
0.0300664
6.27778
0.197256
6.22892
6.27048
0.0150595
0.173583
0.34717
6.2749
6.27045
6.26722
0.0108982
6.26679
0.00499541
6.25001
6.27912
6.25615
6.26734
6.28046
0.0105995
0.0651183
6.26883
6.26663
6.27582
6.27677
6.13238
0.00913356
6.28045
0.00639007
6.25827
6.26791
0.120129
6.25838
0.0762298
0.012622
0.0126173
5.96398
0.162863
0.079984
0.0100267
0.00709342
0.281111
6.26842
0.00368527
6.27867
0.00591601
6.28055
6.27986
6.27584
0.0110533
6.24428
6.24858
0.00366319
6.24041
0.00134477
6.26731
6.28105
0.00481863
6.26959
6.27922
0.00638543
6.24967
6.26871
6.22888
6.26392
6.27555
0.0206749
6.27075
6.2671
6.27927
6.27997
6.26553
6.28063
5.82963
6.2687
0.0165433
0.00284086
0.0115074
0.0852428
6.25544
6.26656
6.27706
6.27818
6.26753
6.28032
5.37556
0.0067011
6.27836
6.2441
6.22743
6.28163
0.00402735
6.27762
6.25029
6.22581
6.16947
0.0213542
0.032507
6.27678
6.27372
6.27301
1.29024
6.25842
0.0171077
6.27692
0.293068
0.170155
0.0072204
0.0173709
6.27969
6.27106
0.0183084
0.00399285
0.0169055
6.26
6.27432
0.00859526
0.0185941
6.27748
6.26398
6.19248
6.25433
0.00983315
6.27708
0.362455
6.27915
0.00228714
0.00409036
0.146101
0.019984
6.27968
6.22924
0.0165603
6.23635
0.00804263
0.0927824
0.0114613
0.00186835
6.27039
6.2594
5.70164
0.0357915
0.0758253
0.00408092
6.21164
6.26844
0.0229258
6.27444
6.28043
0.113626
0.0410264
6.27855
0.0166031
0.0605815
0.0202356
6.15187
6.27839
6.2647
6.27827
6.27776
0.0191606
0.00754391
0.00253655
0.0599009
6.2521
0.0303463
6.28049
6.27317
0.0452398
6.27729
0.0646566
6.26036
6.28156
6.03871
0.0108645
0.24709
6.26901
6.16069
0.00388515
0.597449
6.27879
0.0596554
6.22664
6.22786
6.26386
0.00852871
0.0172089
6.25713
6.22673
6.22617
6.27643
6.11713
0.0217587
0.0116592
6.27962
0.36205
6.27447
0.0182299
6.21781
6.26921
6.2699
6.27868
0.0215708
0.059867
6.06486
6.27642
6.27718
0.0189203
6.27219
6.27511
0.00905904
6.27227
6.25848
0.0153301
6.26021
0.0279184
6.27943
0.00328635
0.00595869
0.415977
0.0157491
0.00238301
6.20706
0.00904383
0.0547816
0.325097
0.00315797
0.251933
6.27041
6.27745
6.27419
6.26896
6.25817
6.25902
6.26499
0.0658935
6.27461
0.00481753
6.18311
6.27948
0.0164753
6.26567
0.00628116
6.23791
6.26322
0.0222974
6.20889
6.27857
0.00214412
0.0021264
6.27171
0.0072134
6.24838
0.00855697
6.2807
6.26611
6.24715
0.00858544
6.24621
0.0106039
0.122978
6.27459
6.2786
0.0040793
6.27182
6.22725
6.27241
0.184788
6.27549
0.0135243
0.00434566
0.239432
5.87921
0.0113396
0.00951911
0.0060767
6.2518
0.00572518
6.08175
0.133284
0.00611958
6.27596
0.0138977
0.0734583
6.27781
6.26822
6.27076
0.00843865
6.28063
6.2789
0.00640998
6.26526
0.00473189
6.26485
6.23786
0.0113625
0.0346163
0.00746991
6.0928
0.0112855
6.22574
6.27518
6.26736
6.28196
0.0137913
6.26054
0.00490366
6.20925
6.17899
6.27824
0.0074903
0.00536564
0.00316842
0.0034936
0.13449
6.2747
0.0477989
6.26457
6.27967
6.26821
0.0247451
0.0120394
0.210139
0.273852
6.23755
6.2591
0.00153044
6.26604
6.27677
6.19746
0.0203001
6.28066
0.0152814
6.12466
6.28078
6.28118
6.08222
6.23691
0.0370691
6.27215
0.0018613
6.28087
0.001814
6.25956
0.0320798
0.0163568
0.0123715
0.134136
6.28004
6.16249
6.15688
6.26692
0.093104
0.00718192
6.27396
0.00207327
6.28171
0.0390962
6.28069
6.26873
6.27088
6.27839
0.0350463
6.27885
0.139846
0.029542
6.27392
6.17555
0.00391661
0.0492507
0.060081
0.0154761
6.27224
0.0271409
6.26915
6.2501
0.00258097
0.0192434
6.27481
0.0191142
6.27374
6.2702
0.0195731
0.0163489
0.121161
0.0066719
0.0778149
0.030334
0.00860841
0.131155
6.26204
0.0208799
0.0389728
0.00917762
0.0125718
0.00678722
6.26852
0.176646
0.00363956
0.0210286
0.0384119
0.284852
6.21458
0.00893814
0.015441
6.25486
6.2793
0.0208521
0.0152419
0.125419
6.22662
6.27955
6.26695
6.25009
6.22431
6.22336
0.00760908
0.0101753
6.27234
6.26691
0.013355
6.28167
0.00698449
6.27663
0.0249792
6.2736
0.115346
6.27406
0.0679358
0.00326622
0.0123401
0.00984345
0.0122899
6.27966
6.22962
0.00383429
0.0452292
0.00878258
6.26848
0.0218965
6.21582
0.00659595
6.27428
0.00223454
6.20008
6.27599
5.99088
6.28047
6.25881
6.26104
0.0297029
6.24636
0.00995052
6.27171
6.27893
0.00328341
0.00339949
0.00801435
0.0593959
6.21269
6.1653
0.008291
0.0462476
6.27294
6.27414
0.0027843
6.27924
0.00724561
6.22462
6.27779
6.27999
6.26595
6.24445
6.27761
6.27949
0.0163243
6.26943
0.0198748
0.00509854
0.00688057
0.00305183
6.27914
0.018861
6.27252
0.00669987
0.00190854
6.27451
6.25712
0.135448
6.27657
0.0175661
6.27924
0.0246003
6.27878
0.0144537
6.277
6.27899
5.73272
6.28097
0.0190456
0.170625
6.19861
0.00192896
6.21798
0.00215931
0.0060349
6.28077
0.0203411
6.12446
0.00319869
0.0290711
6.27619
6.26617
0.0115387
0.0125272
0.0329958
0.00243272
6.27578
6.27446
1.11688
0.00857638
0.00395011
6.27921
0.00962113
0.00427966
0.00473789
0.00328764
6.25861
6.24572
0.00505889
6.27165
0.00781331
6.27496
6.28132
6.26039
0.0271042
6.27351
6.25607
0.00430095
6.26812
6.27433
0.0157658
0.00161062
6.27325
6.26638
0.00677854
0.0088205
6.27815
6.23152
6.27631
6.27509
6.28136
6.23954
0.00927713
0.0875311
0.379347
0.00933668
0.00323195
5.99782
0.104374
0.218325
0.602056
0.00650011
0.0130912
0.323557
6.02115
0.00480302
0.00470405
0.00764625
6.2785
0.0534647
6.27769
6.26825
6.23119
1.30633
0.00516171
0.025829
6.26944
6.27984
0.0200536
0.0487867
0.0131153
6.17398
6.25859
0.0360945
6.26623
6.2735
6.27981
0.00792947
0.0209402
6.26998
6.28094
0.00283994
0.00255415
0.0153936
0.00648772
0.0758313
6.27568
6.28176
5.93204
6.27145
0.0209578
6.28036
0.155783
6.28031
0.00958549
6.28183
0.0333049
6.27603
6.27591
6.28129
6.27708
0.0097042
0.0023548
6.27278
0.0255951
0.01629
0.00919703
6.21545
6.2713
6.26441
0.0727182
0.0179467
0.0284453
0.0516264
0.00657883
0.0703019
0.0159115
6.20361
6.27751
6.26432
0.0090481
6.27526
6.22254
6.15999
0.0104579
0.0495094
0.0097204
0.0542866
6.27771
0.00903031
0.0105403
6.26748
6.26717
6.268
0.00996588
0.00338709
0.573081
6.26711
0.00220476
6.27339
0.0133172
0.00325861
0.00757874
0.00177456
0.00726536
0.03287
6.06523
6.24857
0.00676881
6.27622
6.27713
0.011564
0.349875
6.27225
0.0830831
0.0144087
0.16986
6.27639
0.00540255
0.00680025
6.27214
0.0317994
6.11035
0.00492903
6.2803
0.0523676
0.0286481
0.0243143
0.0302922
5.56686
6.21058
0.0792413
0.0374494
0.00397026
0.0122247
6.27317
0.0035556
0.0239304
0.00212623
0.0116483
0.00327319
0.0712127
6.26967
6.25649
0.0083492
0.0170988
5.13707
0.0522296
6.27872
6.28049
0.011991
6.2731
6.26297
6.12806
6.26924
0.0104901
6.28149
0.0180375
6.28102
6.2637
6.2817
0.0815601
6.27478
0.00731071
6.27952
6.26233
6.26274
0.0424029
6.27328
6.17493
6.27806
0.00613241
0.0970463
0.0497101
6.27606
0.0701647
6.26596
0.00869889
0.00693224
0.0154872
0.0207861
6.26427
6.27498
6.28041
6.27805
0.014065
6.27839
6.27795
0.0505954
0.0337081
6.25969
0.0189698
0.00560552
0.0112207
0.00362965
0.0155679
0.0141385
0.030297
0.0094856
0.00248527
0.00339547
0.0252094
0.0103966
6.26896
6.27932
6.28157
0.00412942
6.25562
0.0048829
0.107818
0.114909
0.0450603
6.27864
6.27698
0.0513043
6.28012
6.27053
0.00562021
6.11056
6.25284
6.28061
6.14819
0.00450128
0.00950445
0.0142101
0.0171189
0.0247986
0.00854039
0.0205647
0.00893376
0.052902
6.26311
6.26594
0.0173171
0.00122418
6.2743
5.91902
0.0145216
6.27788
0.0175784
6.2557
6.27408
6.26851
0.00549638
6.2709
6.26392
0.00428963
0.0317726
6.20852
6.27608
0.0119683
6.27568
0.0175194
0.00846604
6.27791
0.0507253
6.27339
6.27597
0.00157729
0.00181137
6.16618
6.02885
0.0142106
0.0155205
6.27562
0.00577712
6.27578
0.0343094
6.27183
6.24855
0.259867
6.25779
0.00284276
0.00506398
6.27945
6.27895
6.07132
0.0276085
0.0168403
0.0568098
6.27619
6.27244
0.0124758
6.27792
0.249669
6.28059
6.27651
6.2747
6.2761
6.21964
6.2573
6.27127
0.386639
6.25631
6.25944
6.27061
0.00601524
6.18426
0.00127816
0.131971
6.27314
0.0147559
0.0210033
6.27533
0.00152798
0.198296
6.24848
0.0191789
6.26631
0.0055491
6.27285
6.2619
0.0044917
0.065585
6.15102
6.27735
0.00864797
6.27635
0.0970205
6.26979
6.27023
0.0090492
0.00157018
0.00613994
6.25421
6.26544
6.27778
6.26187
0.0550011
0.00779516
0.00763338
0.00624159
6.27709
0.0512882
6.11833
0.0227062
6.2673
0.00460406
0.0137713
6.26793
0.0263603
6.19799
0.0178281
6.03163
0.0195978
6.28086
0.0260426
0.0123049
6.25596
6.266
6.18648
0.341362
6.16056
0.00706426
0.536442
0.00798302
0.127668
0.13309
0.00484771
0.00296649
6.27619
0.00458752
6.22147
0.0085489
0.0395511
0.00536892
6.27737
6.28072
0.00518864
6.24691
0.00520501
0.0847882
6.27061
0.0103749
0.015755
6.0096
6.07565
0.0174017
0.0129272
0.138579
6.27892
0.0279002
0.0187452
0.00673341
6.26995
6.26161
0.0140469
6.27211
0.0558939
6.27854
6.27417
6.26741
6.28028
0.0049931
6.25165
6.27755
0.019421
0.00241464
0.01483
6.2796
6.26796
6.27895
0.110271
0.004574
6.27126
0.00597419
6.25888
0.0464808
0.00133156
0.00648988
0.0128114
0.0340593
0.0385512
0.0148116
0.0129242
6.27689
0.0134877
0.0117761
6.19122
0.00835497
6.15764
0.075031
0.0286084
6.2795
0.0083754
6.24717
6.26358
0.114691
0.00629034
0.00187734
6.27405
0.0176697
6.27805
6.27962
0.00193666
0.0050794
6.27488
0.186893
6.27345
6.27362
0.00239217
0.00371968
0.00999401
6.27718
6.14915
6.21165
0.0274272
0.0375562
0.0119202
0.00835513
0.00394942
6.27178
0.00879463
0.00475953
0.0263769
6.28015
0.0195826
0.00569882
0.002414
6.23325
0.00982521
0.0595529
6.27996
6.25085
6.28088
6.22211
0.0235161
0.0591912
6.09455
0.0813533
0.00915248
0.0368074
6.27797
6.15885
6.2459
0.00601926
6.1898
0.00268791
0.00684373
6.27697
6.27288
0.0166294
6.27869
0.0639944
6.27271
0.00253833
6.27673
0.0160804
0.00778987
6.27928
6.02049
0.321286
6.27388
0.106273
0.00932691
0.0254433
6.25183
0.00493511
6.27314
0.00243146
0.0447658
0.0057747
0.00335308
0.748994
6.2805
0.0163851
6.02659
6.25851
6.15108
0.0284201
6.28102
6.27669
6.26261
0.0259069
6.27342
6.27822
6.27179
0.00534575
0.0179708
0.00260691
0.0161897
6.17569
0.0192706
6.26228
0.0123358
0.0108513
0.862414
0.01081
6.20695
0.00714324
6.26235
0.0078666
0.235197
6.24307
0.0164269
6.27853
6.27326
0.01972
6.26949
0.12446
6.28149
6.2765
6.27986
6.27368
6.28129
6.26815
6.27917
0.0173867
0.0896834
5.85256
6.26231
6.28141
0.0027807
0.0375567
0.00691629
0.00768925
6.27608
6.28065
0.207377
0.0610128
0.0533204
0.0160349
0.0136428
6.28146
6.26783
0.021312
6.28057
6.26765
6.2777
6.2207
0.00633311
6.26435
6.03919
5.69806
0.00311785
0.0226889
6.28033
6.25785
0.0360069
0.0940049
6.2527
0.00926686
0.0042614
6.27475
6.27972
6.28035
6.27827
0.00792042
6.22983
6.25975
0.0182722
6.27218
0.00723825
6.28192
0.0167207
0.0115009
5.65052
0.024987
6.24437
6.28005
6.27344
0.0139569
0.0422574
0.0387621
0.00142773
0.0143856
6.27669
0.00346848
0.0565294
6.23683
6.25763
0.139818
0.0558227
6.20262
6.26247
6.25203
0.0467208
6.25796
6.26596
6.22977
6.26917
6.27824
0.0112733
6.27858
6.28009
0.0073916
6.11164
6.2504
6.17791
6.27484
6.27111
0.105088
6.20005
0.0353057
6.27932
0.00946859
0.00706318
6.23618
6.27959
0.134396
6.24452
0.00129645
0.0754663
0.00965069
0.123963
6.17758
6.26096
0.0029826
0.0286226
6.00205
6.2151
5.74905
6.24247
0.017579
0.00730883
0.167455
6.27875
6.27069
6.23963
5.9871
6.27207
0.0603267
0.0259914
6.27882
6.28054
6.27391
6.27456
0.00633377
0.052016
6.26752
0.270997
0.0337099
6.23557
0.00603688
0.0402077
0.170033
6.25899
6.25725
6.24009
6.27787
0.00611681
6.27975
6.27116
6.20608
0.0180061
6.27611
6.26483
0.0136166
0.00382219
0.0051285
0.222807
6.27445
6.27337
6.2783
0.0382426
0.00367686
6.27069
0.00664638
0.0810317
0.00921815
0.00274517
6.27148
6.21407
6.27807
0.0339201
6.0363
6.18986
6.25341
6.27936
6.28036
6.27882
0.00480523
6.27433
6.26717
6.20813
0.114749
6.27555
6.26814
6.26943
6.27974
6.24269
6.27911
0.0296602
6.22903
6.27003
0.00654393
0.0608219
0.00480989
0.00366209
0.134255
6.27807
0.0353414
0.00352373
0.00976491
0.0119714
0.036255
0.0125726
0.0036536
0.0020193
0.175196
0.00238452
6.27316
0.0127625
0.00139595
6.27742
6.26676
0.00964609
0.109902
0.0221392
6.27827
6.26583
0.0236995
6.28052
0.0198577
0.0029355
6.21815
0.0127927
0.171827
6.22501
6.26606
0.0225024
6.2774
0.00238433
6.28034
6.26536
0.0486826
6.2719
6.27672
0.14493
0.00328054
0.0165617
0.0231017
6.26389
0.160965
0.0058012
6.2785
6.27458
6.25809
6.25018
6.27205
0.0190749
6.27973
0.0958228
0.0169247
6.27496
6.14949
6.24113
6.27189
6.28149
6.27728
0.00579419
0.00435355
0.00798022
6.20836
6.1563
6.26832
0.00593936
0.607712
6.20607
6.24588
0.00967533
0.00200774
6.27886
6.27873
0.00993317
0.00370311
6.08171
0.202197
6.27608
6.19894
0.0124694
0.0275696
6.27066
6.26918
6.24165
6.27298
6.27478
0.102074
0.0157092
0.00336976
6.19848
0.00985855
6.27517
0.0231826
6.28019
6.27337
6.28195
0.0256871
6.16181
6.26626
6.1853
0.0319961
6.2593
0.0241229
0.00859784
6.27869
6.26205
6.14267
0.00247618
0.0318694
6.27738
0.0420427
0.0418107
6.27558
6.2502
6.27446
6.26893
6.28135
0.00818225
6.11242
6.25794
6.2802
6.22574
0.260672
0.00228833
0.00483814
6.26843
0.0285332
0.00586397
6.226
0.0261382
0.00555076
0.0079834
6.28091
6.25401
6.27774
0.0522283
6.23425
6.27366
6.27616
6.27615
0.0325857
0.0179011
6.25164
6.24087
6.27236
6.2819
6.27912
6.26708
0.0290524
0.00469868
6.23266
6.2724
0.0118904
0.00202097
0.0187225
6.26149
0.00381853
0.0228582
0.0512812
0.0384201
0.0105204
6.27977
0.00897022
0.0174823
0.00624144
6.28032
0.00660515
0.0166708
6.2723
0.0353636
6.26959
0.00781484
6.23959
0.00509445
6.27791
0.00158394
6.26447
0.00369751
0.106885
6.2331
6.26353
0.00336372
0.0207361
6.18325
6.27417
6.27013
0.00378973
6.278
5.66934
6.27127
0.0147981
0.0312705
0.00914822
0.0164331
0.186316
0.00608658
6.27268
6.23997
0.00151218
6.25699
0.0340241
6.17614
6.2703
6.26342
0.107387
0.00701059
6.27581
6.25803
6.2802
0.00634537
0.00594627
6.28132
6.2639
0.0133151
0.187153
6.05359
0.115204
6.20407
0.451274
0.0077737
0.00284734
0.249021
0.0789211
0.00570685
6.27205
6.02309
0.00627463
6.28076
0.0179846
6.25069
6.27597
6.27876
6.24741
0.0029104
0.00421524
0.0842793
6.2798
0.133655
0.0507178
0.00480066
6.22311
6.17209
0.663133
6.27541
6.02521
5.79837
6.268
6.27485
6.2674
6.27534
6.27384
6.24402
0.799778
6.28165
0.00732229
6.25279
0.0133767
6.18081
0.0101915
0.00827871
6.26602
0.0202616
6.2796
0.0172247
0.0145854
6.2766
0.00376605
6.27724
5.98128
6.27041
0.012912
0.00670101
0.0310671
6.279
0.00346138
6.27756
0.0032729
6.2772
0.00910821
6.22259
6.23879
0.0323181
5.68352
0.048623
6.22605
6.26476
6.21245
0.225738
6.26261
0.0346308
6.27342
6.25879
0.0017162
0.261138
0.0157951
0.00708614
0.00470985
0.00831476
0.00820368
0.00642206
6.27511
6.25182
0.0103471
0.0082359
6.24759
6.26289
6.27532
0.015507
0.00300965
0.0147107
0.00752555
6.26332
6.09452
0.00384276
0.00171544
6.27417
6.27917
6.28151
0.217226
0.00695983
6.27384
6.26941
0.0171478
0.0134717
5.81747
6.28019
6.27211
0.0234771
6.28157
6.27703
0.0286497
0.0048239
6.27983
6.27168
6.28054
0.0359287
0.00140343
0.0612875
6.25779
0.0843228
6.27185
0.144748
0.00609137
6.26894
0.0100963
0.0510065
0.0227474
0.0243426
6.20619
0.0551839
6.24896
6.27408
6.28015
6.28008
0.0162512
0.00539142
6.28064
6.26453
6.26719
0.0519492
0.00301722
0.00355861
6.17301
6.27201
0.0439776
0.00614985
6.145
6.27885
0.00480137
0.00258725
0.103999
0.00275088
6.27176
6.27656
0.0736281
0.0118867
0.0350752
0.0290249
0.012524
6.27375
6.27121
6.21627
6.24323
0.00278456
0.0137265
0.0155272
0.00637107
0.00263779
0.00480569
6.27761
0.0166017
0.0341191
0.0103004
6.26681
0.012813
6.27402
6.27315
0.0138337
6.25671
0.0073397
6.25213
0.00523716
0.0103147
0.0131045
0.00465889
6.27218
6.27765
6.20353
0.0105054
6.27313
0.00279164
6.26851
0.179159
6.28017
6.28067
0.078345
6.27623
0.0138602
6.16663
0.0842672
0.00174809
6.28045
6.27819
0.0068891
0.188684
6.18266
0.00136858
0.00270419
6.27855
6.27105
5.99688
0.00725315
0.0380951
0.00393095
0.558185
6.22604
6.22306
6.27422
0.0212763
6.26329
0.0294582
0.00605659
0.0180006
0.00385899
0.0038499
0.00812309
0.00988339
6.27816
6.26819
6.27796
0.220569
6.23036
0.0246964
0.0191442
6.26807
0.0534553
0.0148778
0.00485573
0.025406
6.27643
0.00276863
0.0129278
6.24417
6.26942
6.27875
0.0236352
6.27854
0.0567215
6.27105
6.13539
0.00272825
0.0602553
0.0205926
0.0655226
6.27719
6.27123
0.137503
0.0607479
0.0208768
6.24673
6.27853
0.0140001
6.28067
0.0180508
6.25598
0.0438438
6.27657
6.27248
0.00182809
6.27334
6.01072
6.27521
6.26984
0.00153944
0.202087
6.27981
6.27103
0.0184953
6.27524
0.00466827
6.06552
0.00779329
6.26601
6.27816
0.350932
0.00940823
0.0130133
0.0184837
0.00600729
6.27843
0.0219622
6.28187
0.0359376
0.0368292
0.0111085
0.102823
6.27747
0.0651885
6.13269
6.16272
6.27876
0.199089
6.28065
6.18747
0.501488
6.26567
0.272695
6.26834
0.0671165
6.21961
6.27862
0.056442
0.0432321
6.27207
0.0177227
6.27533
0.00657065
6.27996
6.1929
0.0174379
0.0342383
0.0719639
0.0224124
6.2501
0.0076026
6.2618
0.00489447
6.27737
6.27084
0.0228934
6.22001
6.26844
0.00243989
0.00805258
6.27711
0.0106696
6.2016
5.96017
6.18547
6.26744
5.83012
0.177706
0.0231911
0.0155941
0.00215518
6.25267
0.00221972
6.27822
0.011023
6.26596
6.28044
5.8858
0.0160312
0.00365675
6.2777
0.00533364
0.0112369
6.28004
0.00635611
6.27092
6.1078
6.27638
6.2816
6.27748
0.015531
6.26299
6.26958
0.00186389
6.25542
6.28004
6.27755
6.27558
0.0103023
0.00326377
0.0273074
6.2795
6.27646
0.0227839
0.0228388
0.00707927
0.0937965
6.27056
6.28079
0.195933
0.00521977
0.00730313
6.27113
0.00601822
6.27593
6.27792
0.003424
6.2687
6.14227
0.0636211
0.018612
0.133037
0.667182
0.166932
0.0145242
6.27669
6.27835
0.0317134
0.124004
6.27613
0.00329177
0.011862
0.00224478
5.99547
6.25972
6.26782
6.27234
6.27821
6.16238
6.28049
0.00390823
6.28175
6.26108
0.0221883
0.111914
6.27588
6.21088
0.146558
0.0197577
6.27632
0.00333486
0.0200261
0.0685852
6.17071
0.00357193
6.27391
6.27734
0.00226353
0.00742573
0.0103935
6.2752
6.20764
0.0459039
5.88429
0.0789803
6.2639
5.75994
0.0927367
6.26333
6.25656
6.28002
6.22832
0.00316399
0.0478933
6.27332
0.0193896
6.27225
6.26295
6.27092
0.0824236
6.20048
6.27454
6.27122
0.0134834
6.18727
0.0052726
6.28184
6.15632
6.27545
6.16193
0.0364479
6.23124
6.2449
6.28071
6.28158
0.00664279
0.00455739
6.28116
6.17694
6.28123
0.0417351
0.00738387
6.25978
0.0275066
0.0163052
0.0288085
6.22608
6.27626
0.00219492
0.0156117
0.00627345
6.27118
0.0257874
6.23592
6.2696
0.0147472
0.0468693
0.00553553
6.26961
6.2813
6.28116
6.08204
0.0021173
0.0366078
0.00635314
0.119067
6.27787
6.27435
6.15394
6.21391
0.0249201
6.2801
0.00607423
6.27804
0.00180698
5.74234
0.00443732
0.00704722
6.20601
0.048247
6.2776
6.17029
0.0536895
6.26926
0.0429882
6.23765
0.617172
6.28117
0.0079887
0.0106323
6.27353
0.00374997
0.0132989
0.0189454
0.015511
0.00804028
6.28008
0.0237805
0.0372569
0.00733537
6.25259
6.27567
6.27219
5.88678
0.0208684
0.00472613
6.27288
6.2395
6.24434
0.00663427
6.27898
0.0864957
0.0199798
6.27722
6.2784
0.00299054
0.0367822
6.27763
0.0184274
6.26086
0.0357548
6.20749
0.00934843
6.28179
6.23951
6.25921
6.27852
6.26393
0.0289768
6.22343
0.0120321
6.23162
0.031675
6.27658
0.00458538
0.0166023
0.00778055
6.27509
6.22687
6.27111
0.0227183
6.27812
0.00184902
0.00828202
6.02839
6.26945
6.26113
0.0227546
0.0258583
6.27643
6.2359
0.0145827
0.00380906
0.0392891
0.01098
0.0249706
6.27091
6.27605
6.26828
6.27015
6.27809
0.0216522
0.00173215
0.00840854
6.26282
6.27804
6.27016
5.83697
0.00858404
6.27631
6.27856
6.21452
6.27262
6.23784
6.26875
0.00939238
0.00394548
0.129787
0.0351694
6.27366
6.27019
6.27026
0.0698387
0.0152455
6.05359
0.0153117
0.00832002
6.28024
6.25877
0.0649292
6.26885
6.2772
6.26915
0.0225428
0.0791671
0.0043811
0.0166258
0.00839904
0.03524
0.0220175
6.27916
0.0154707
0.0250163
6.2622
0.00292974
6.27315
0.105618
6.26343
6.28067
0.00978198
6.20781
6.27231
6.27849
6.21537
0.0141275
6.26382
0.0153273
0.0828638
0.00173422
6.24707
6.26959
0.0168423
6.28162
6.24195
0.00338066
6.27485
6.26872
6.27828
6.26773
6.27632
0.125113
6.2806
6.23089
6.2213
6.27945
1.26504
6.24997
0.01573
6.27753
6.27887
0.0495302
6.10758
0.00168625
0.0217924
0.00987633
0.270564
0.0954274
6.27061
6.24521
6.26535
6.27938
6.27796
6.279
0.00972233
0.00999212
6.25039
6.27381
6.26909
0.00815312
6.28074
0.00872619
0.00594378
0.0212286
0.0104534
6.27035
6.26276
6.26465
0.0558796
0.0114621
0.00972981
0.00511929
0.011063
6.27064
6.27469
6.27347
0.0200572
0.00191392
0.00886802
0.0133546
6.27077
0.00205342
6.24613
0.00346956
0.0165626
6.26428
6.27943
5.66922
0.0176863
6.25353
1.2441
0.0189256
6.27782
0.0105148
6.20964
0.0335994
6.16243
6.28135
6.28053
6.28001
6.27651
6.22456
0.0211683
6.20878
0.0145668
6.27159
0.00628581
0.0683109
0.240893
0.0224857
0.0635469
0.00409095
6.27438
6.271
6.27976
0.00209841
0.0484049
6.18036
0.0144347
0.0220732
6.25678
0.0611232
6.27379
0.00688896
6.14354
0.00664609
6.27713
0.0138247
6.27591
0.0133004
0.0902516
0.00432679
6.27423
0.00320778
6.27111
0.203647
6.26533
6.27714
6.2777
6.22294
6.23926
0.016788
0.00917551
6.0573
6.25958
0.00619437
6.27285
0.00723998
0.0410275
0.00767451
6.27764
6.28064
6.09604
5.92923
0.00258913
0.00135517
6.27441
0.00771601
6.27991
6.27412
0.0045
6.27014
6.25794
0.00323389
6.05615
6.18779
0.00416832
6.27836
6.24821
6.24158
6.27595
0.00188105
0.0153807
0.00574998
6.23559
6.01696
6.27514
0.0231495
0.0184135
6.27525
6.18457
6.26796
6.24518
6.25271
0.00790365
0.021826
6.27105
0.00355438
0.0544169
0.00451072
0.0742814
0.0145067
6.27012
0.0152696
0.02917
6.27756
6.28147
0.00289949
0.0162494
6.24269
6.00823
0.00597576
0.0172736
0.0226729
0.0174357
0.0130469
0.00328519
1.06729
0.00912837
6.28071
6.28176
0.101862
6.28085
6.27872
5.83401
0.0110488
0.0066668
6.24764
0.0496671
0.0625288
0.00867934
0.101691
0.00702282
6.27946
0.0470224
0.00590655
0.0143221
6.27922
0.00474239
0.0184545
6.27926
0.0042833
6.27665
0.0400949
0.00832293
6.25351
6.26975
0.0142297
0.00531335
6.25233
0.00672678
0.0193332
6.27522
0.0289244
0.00288175
6.2413
6.27515
0.00175092
6.22169
6.18197
0.0826471
0.00647035
0.00500588
6.19924
6.27892
0.0303781
6.13391
6.2794
6.27016
0.0142638
0.020226
6.27917
6.27788
0.00399124
6.26293
6.26937
0.00368944
6.27792
0.135385
6.26829
6.27726
6.28005
0.0948664
0.00178562
6.22275
6.26801
0.00644481
0.0115553
6.27327
0.00953867
6.24368
6.24783
0.00251786
6.27894
6.28061
0.0077593
0.0136346
0.0135116
6.27564
0.0207277
6.2769
6.21238
0.00838376
0.0177075
6.27429
0.0827246
6.26704
0.0243658
0.00946917
0.0318105
6.2392
6.28089
6.27183
6.25976
6.27821
0.0038344
0.0281896
6.231
6.24585
6.06942
0.00159366
0.650521
6.26275
0.00958139
0.00417329
0.00490935
6.19564
6.22048
0.0361359
6.26058
0.0144928
6.28169
0.0224274
0.0211553
6.27449
0.0550806
0.0045719
6.27384
0.290612
6.28162
6.2735
6.27508
6.27638
0.00624366
6.27571
6.26529
0.0772146
6.26282
6.24649
6.26281
6.2663
6.22366
0.618378
6.27472
6.21271
0.00534339
6.27333
6.2798
0.230491
6.26173
6.27455
0.0345288
6.27973
0.00818006
0.0256135
6.27486
6.25156
0.257662
0.00268072
0.00836913
6.26472
6.25943
6.2701
0.107875
0.00203994
6.27474
0.0382334
0.0386186
0.0150032
0.0110741
6.23936
6.27495
6.27622
0.00216405
6.27119
6.27944
6.28025
6.28013
6.22116
0.00288347
6.28061
6.26046
6.2295
6.27701
0.0760264
0.0246795
1.40499
6.26761
0.0083161
6.0025
6.28049
0.063015
0.00549154
6.19998
6.1451
0.0751258
0.0888963
0.0044653
0.00585258
0.00609878
6.27866
6.26281
0.00538035
0.00351614
0.00994841
6.2275
0.00570203
0.0377324
0.0280784
6.26433
0.00250902
0.0406718
6.27707
6.27177
0.0205264
0.117691
6.2543
6.26984
6.27845
0.00657952
0.127684
6.27744
6.27392
0.00730299
0.0173017
6.27692
0.0260427
6.19389
5.81937
0.15204
6.26616
0.0027572
6.2729
6.26802
0.0415352
6.25033
6.23999
0.00994296
6.26605
6.26149
6.27137
0.0227667
0.0243108
6.22307
0.0585764
0.0134645
6.25497
0.0053111
6.27647
0.05029
0.00531979
0.0151284
0.0115733
0.00932455
0.0326215
0.0310567
6.2752
6.27452
0.00613438
0.0136981
6.2756
6.23994
6.16867
0.0156498
0.0115805
0.0162001
6.24307
0.0234081
6.27829
6.27526
6.28095
0.196899
0.0056957
6.22397
0.00872745
0.0530807
6.25259
0.00356389
6.26168
6.27014
6.25259
6.26838
6.27932
6.27351
6.13683
0.00406993
0.487803
0.0128414
6.27576
0.0147901
0.0788395
6.22226
0.122993
6.1793
0.00532496
0.05327
6.23651
0.00575362
0.0343739
6.08765
0.0206627
6.26976
6.27332
0.00260629
6.28064
0.0265502
6.27739
0.0239636
6.27264
6.25836
6.27663
0.0258988
0.0241231
0.00499205
6.27191
0.00263863
0.00858447
0.129235
6.28148
6.27741
6.27982
0.0206957
0.0397784
6.23619
0.00169124
6.27926
0.0172649
0.00421382
6.25838
6.25489
0.00431869
5.80466
5.88139
0.0104055
0.00497654
6.23902
6.27844
6.27727
0.0678164
0.00551353
6.27311
6.27435
0.0290524
0.0554121
0.00885706
6.26798
0.0777224
6.26789
0.0232665
6.27508
0.123289
0.0289843
0.0188705
6.21074
0.00197219
0.0034712
6.27162
6.27176
0.00139062
6.27382
0.00543008
6.25092
0.01488
6.27536
6.27775
6.18859
0.00606823
0.0365266
6.2354
6.24898
0.00441084
0.0147964
6.27984
0.0775141
0.00242699
6.23212
0.00447126
6.25873
0.205729
6.2744
0.00806153
0.00437691
0.0248193
6.26061
0.0019959
0.00986604
0.219142
6.27319
0.00355684
6.26674
0.0115852
0.00893296
6.25768
6.27694
6.26592
0.010233
0.0193712
0.00468276
6.27765
0.00575832
0.0177668
0.0101848
6.21353
6.27503
0.00367983
0.01617
0.0173791
6.28
6.18004
0.00500152
0.0100577
6.27269
0.00237445
6.21771
0.0055956
6.27524
6.2745
0.00344493
6.26877
0.0375858
0.00271817
0.0141208
6.26405
6.25873
6.27432
0.00486602
0.0156419
6.28188
0.0283146
6.27871
0.061639
6.277
6.27574
0.0196013
0.00411912
0.0829674
6.27383
0.125577
6.28156
0.0108217
0.047631
6.27581
6.24004
0.00423043
0.245786
6.18807
6.27323
0.00138431
6.26923
6.27474
0.00296769
6.25976
0.0215635
6.27116
0.00250807
0.00670132
0.0260642
6.24691
0.0551358
0.0123703
6.27213
6.26362
6.2703
0.00963109
6.26809
6.28132
0.00281698
0.00691534
6.27477
6.26246
0.00563741
6.25598
0.00370442
0.0702076
6.26067
0.00964353
6.2752
6.2765
0.00186028
6.27236
6.27613
6.27373
0.123604
0.180672
0.00506004
6.27429
0.00460045
0.010191
6.27763
0.0208336
0.00399748
6.26093
6.26458
0.036852
6.26014
0.711618
6.23454
0.00534908
6.27945
0.00829007
6.27693
6.27698
6.27449
6.26498
0.014396
0.0414853
6.28047
6.27078
0.0122933
0.0604235
6.25355
6.28008
0.186654
0.00239456
0.0178978
6.27776
6.23637
0.0359502
0.0101126
6.27858
0.0173946
0.0206036
0.00752345
0.00328726
6.26907
0.0060629
6.23983
6.26642
0.0188874
6.26641
0.00234757
6.25229
0.0119538
0.0281874
6.27262
0.0369665
6.25751
4.81408
0.00334121
6.272
6.23066
0.0036935
0.0212748
6.27937
0.0031302
0.00377358
6.26924
6.18995
6.26403
0.225429
6.27427
6.25989
6.26235
0.00482386
6.27893
6.2199
0.00608556
6.27688
6.24259
0.243077
0.00562565
0.0513301
6.26832
6.27616
0.00825727
6.25933
6.22398
6.25429
0.00975276
6.28168
6.27418
0.00309132
6.23849
6.27966
0.00349417
6.27795
0.0134901
0.0409031
0.0116573
0.0112879
6.20153
0.0034505
0.00223069
6.26552
6.26468
0.0435276
0.00801687
6.27492
0.0692413
0.0207206
0.404109
5.5232
6.22922
0.00350126
6.27407
6.24667
0.0202657
6.2711
0.00526632
6.273
0.0191155
6.27041
0.125046
6.27766
0.0200661
6.22524
0.012585
6.2607
0.00513351
6.27666
6.22957
6.17345
6.20247
5.98566
6.25637
0.00981044
0.01389
0.00255899
0.0240878
0.00630462
0.0207977
6.14292
0.031819
6.27567
0.0253223
6.26963
0.0302831
6.28076
0.0251492
6.22426
6.27723
0.0106323
0.297654
6.14947
6.0998
6.27356
0.00525466
6.27906
0.00544506
6.26276
6.23936
6.21256
0.00156804
0.0188314
0.00561042
6.25411
6.27717
6.00618
6.27729
0.0446228
0.0465706
6.1709
0.00703859
6.26219
0.0156602
0.0068652
0.00837744
0.0374303
6.21199
0.00171224
0.040027
0.0247057
6.27194
6.274
0.134388
6.25989
6.2587
0.0845027
0.00496459
6.27359
6.26941
6.26144
6.27984
6.2797
0.00550368
0.00534131
0.0681977
0.0155457
6.27847
0.0356683
0.0061104
6.24891
0.011203
6.27697
0.0228681
0.00279511
6.26806
0.00353354
0.00751263
6.27847
6.26684
6.11442
0.0317163
0.00470032
0.00982898
0.00906549
0.00666417
6.27311
6.27537
0.0109901
6.27324
0.00236545
6.25991
0.0159571
6.26697
6.21066
6.26851
5.35275
0.0438374
6.26893
0.00448248
0.00795065
6.22134
6.28008
6.26354
6.1099
6.26282
6.27052
6.27775
6.27679
6.25713
0.0152026
6.23324
6.2817
0.0289151
0.0102988
0.0841874
0.00559733
6.18841
0.00145481
6.26377
0.00301777
0.764656
0.0719719
0.00788903
6.28176
6.2685
6.2781
6.27012
6.27747
0.0381383
0.00785735
6.26722
6.25037
6.24287
5.59194
0.00895701
6.19724
0.0735947
6.26721
0.00280228
0.157536
6.27784
6.26245
5.71926
6.27127
6.23741
0.0063425
0.00380742
0.00655488
0.278281
0.0157718
0.00972636
0.00335894
6.2622
6.21993
0.0924569
6.25922
0.00591898
6.27089
0.0461733
0.00455336
0.0111536
6.28026
0.00523005
0.0193252
2.07912
0.0222325
6.19979
0.0820586
0.0374508
0.00442391
0.0439695
0.0227189
6.27306
0.00225849
0.00526992
0.0137838
6.14829
0.00587198
0.0315113
6.27089
6.27001
6.20392
0.0296584
0.0032949
0.0542336
0.0194855
0.0338817
6.27865
0.00750587
6.26462
0.0416855
6.25135
0.00730089
0.0142081
0.00314554
6.11401
0.0112401
0.0312353
0.00646243
6.27765
0.0291339
6.27897
6.26798
0.0268794
6.27927
6.2804
5.74952
0.0914851
0.00512016
6.28014
0.092899
6.28029
0.0873636
0.0202661
6.26347
0.0063918
0.0077989
6.26724
0.0419008
0.0405891
6.27542
6.27885
6.27099
0.0114393
0.190318
6.27572
6.27942
0.00421922
0.0117313
0.443084
6.27247
0.00340769
6.25644
6.27313
0.00671648
6.2556
6.2778
6.01334
6.27327
0.0776476
0.00419533
0.0822289
6.23883
0.00608084
0.0281074
0.00553683
6.27252
6.2777
6.27952
6.08202
0.0034134
0.00394219
6.27165
6.27983
0.0120249
0.026568
0.0716787
0.00821491
0.120502
0.169769
6.27028
0.00395203
6.08273
0.0132758
6.13256
0.0195784
0.0375088
6.27488
0.00206839
0.00388793
6.26704
0.00562408
6.2599
6.27665
6.27419
6.26968
0.00508237
0.0174897
6.26723
6.27494
0.00819228
6.23769
0.0255469
0.0284448
0.0175319
0.0117588
6.28139
6.27496
0.0139739
6.26275
6.22562
0.0205968
6.25106
6.25844
0.00332748
0.00718511
6.27038
6.27634
0.310341
6.26431
6.27365
6.27692
6.28192
0.0017599
0.121471
6.2757
0.111241
6.27151
6.27993
6.27129
6.23985
0.0421848
6.27571
6.26191
0.00885599
0.00550355
0.0166374
6.2718
6.26677
0.0107056
0.00762961
0.224394
0.0122905
6.27582
6.26084
0.00649072
6.26588
0.0368174
0.214696
6.22525
6.27536
0.00227336
6.26615
6.27925
6.24682
0.0100668
0.45258
0.0390088
6.28143
6.1011
0.0274013
6.27181
0.00763774
6.26996
0.00792407
0.00518956
6.27808
6.26342
0.0264025
0.0117836
6.26704
6.23495
0.228931
6.25052
0.0406215
6.26529
6.18506
6.28048
0.120926
6.23641
0.0290205
6.27308
0.0156444
6.27535
6.19017
6.28081
6.2667
0.0378061
0.0181983
0.0940101
0.0207648
0.0164566
6.27543
0.153032
6.28087
6.27651
0.0179537
6.27498
0.0235915
0.00801753
6.28056
0.0626518
6.24982
6.27988
0.0317208
6.24159
6.27494
6.26551
0.00596097
0.0607129
6.23603
6.27376
0.0058165
0.100812
0.00951752
6.25892
6.20874
6.20782
6.27188
0.00785872
0.0107701
6.27235
6.20601
0.00981118
0.00171259
6.26457
6.28106
6.26291
0.0178774
6.24803
0.00681972
0.00208334
0.00203586
0.00977857
6.28156
6.25513
0.0259926
6.20992
6.26972
6.26257
0.0237957
0.0150984
0.0423452
0.0262154
0.00176511
0.0294124
6.23987
0.00471193
0.0110545
0.0132452
0.0262299
0.00272931
0.00243858
6.27718
6.08163
6.28032
6.26504
0.0235159
0.0101911
6.27913
0.00375369
0.00969807
0.036191
0.0116047
0.0677141
0.0116055
6.24289
6.2765
0.00262666
0.0344005
0.00678199
6.27141
6.24345
6.23281
0.0224647
6.26615
6.24454
6.23347
0.0115574
0.00487103
0.00990731
6.26078
0.0297584
0.0276532
6.22079
6.27816
0.0342898
0.00308367
0.0114603
6.27562
5.7612
0.0162134
6.2744
6.21652
6.26059
0.0814055
6.27691
6.2797
0.0181237
0.397545
6.27899
0.0048016
6.26848
0.0187069
0.0672896
0.00388957
6.27854
0.00844401
0.0122259
6.22958
6.2712
6.27386
0.0100567
0.0487594
0.0305745
6.28056
6.26996
6.27988
0.00523716
6.23793
6.26836
6.27967
6.27283
6.27919
6.25637
0.00912189
0.0133637
0.00290636
1.20932
6.23356
6.27214
6.28079
0.189754
0.204308
6.23223
0.0117025
0.00614254
0.0272022
6.27957
6.27491
6.27741
0.0159805
6.23439
6.27937
0.106499
6.27658
0.0298051
0.0189399
6.25228
6.26764
6.28036
0.0320286
6.27063
6.27912
6.21622
0.807467
0.010645
0.0451975
6.24804
0.219249
0.00374068
0.0665608
0.0379063
0.0142483
0.00956812
6.25186
6.27369
0.00386521
6.2336
6.25414
0.00251093
6.2818
6.23549
0.163387
0.0103081
6.04265
6.26663
6.25797
0.00374798
0.0486579
0.00908387
0.0024262
0.00441626
0.00276216
0.30032
0.00407834
0.00733771
6.26943
0.00596656
0.0060181
0.13781
0.0803411
6.057
0.451949
0.00946537
0.00908767
6.27555
6.20866
6.27583
6.26584
6.28099
6.10497
0.0133866
0.0120538
0.0239034
0.0300193
6.27175
6.27123
6.2345
6.27992
0.198878
0.0504937
6.22883
0.0582964
0.0420476
6.28059
0.1067
6.17432
0.00132832
6.27655
0.0100747
6.27924
6.26302
6.14482
0.0054673
6.22955
0.00315339
6.26568
6.279
0.0337606
0.0166652
0.142521
0.00589881
6.14926
0.0125877
6.27852
0.00170783
6.27595
0.00516846
6.24825
0.00171806
0.262281
6.22969
6.28127
0.00985931
6.25229
6.27263
6.27363
0.029564
0.0226704
0.0178596
6.25766
6.27735
0.022785
6.25998
6.17665
6.28112
6.28098
0.00749054
0.0103136
6.27864
0.0550029
6.26648
0.00406376
6.27817
0.628801
0.00852865
6.24872
0.00220953
6.19427
6.18035
6.27989
6.28074
6.24795
0.00506896
0.0201195
0.0175002
6.22707
6.27249
6.27711
6.23144
6.27651
0.139102
0.0037563
0.0633206
6.22638
0.0418132
6.2573
6.18289
6.27859
6.27933
0.00803282
6.28137
6.25267
6.2763
0.00372925
6.28075
0.0212706
6.26646
6.27082
0.0126663
6.18105
0.00686634
6.24521
0.00141398
0.00676023
6.21231
6.27952
6.26777
6.2801
0.00357866
6.19532
0.770569
6.22277
6.23307
6.24502
6.26963
0.0262527
6.28163
6.27959
0.022973
6.27589
6.16689
0.00367212
0.00499695
0.0208454
6.25266
0.0444468
0.00974521
6.28158
6.27417
0.111421
6.28092
6.27948
6.26103
0.0772251
6.26741
0.00856377
6.28101
6.26616
6.26565
6.26957
0.0063948
0.0333729
6.28197
6.27098
6.17835
0.193319
6.20166
0.111934
0.338493
0.00252523
0.00361548
6.25566
6.26886
6.28032
0.0864137
0.00231108
0.0186777
0.0851763
6.25287
0.00771222
0.0398089
0.0338245
0.00756161
6.0801
6.26679
0.00737602
0.0400544
0.0215465
6.26678
0.00596758
6.2515
6.25024
0.00410239
0.0385143
0.00266953
6.27716
0.0337277
6.25844
6.253
0.00473478
6.26322
6.1805
6.04476
0.124355
6.27708
0.00937298
6.27941
0.138999
0.00490467
6.26602
6.26915
0.00371216
0.00674929
6.27706
0.0401462
6.2505
6.2109
0.00379082
0.0113615
6.27787
6.27631
6.26548
6.28127
0.00368988
0.010838
6.2582
6.25737
0.00915021
0.00661129
0.00478991
0.00496024
6.27284
0.00297952
0.0190307
0.0104894
6.2776
0.0363498
6.19973
0.006966
0.00804018
0.0823214
6.24255
6.2802
6.27709
0.00174625
0.0301962
0.0136623
6.27865
6.27267
0.076434
0.0072938
0.0466948
0.0347774
6.28146
0.0140066
0.0014597
6.28117
0.00480193
0.00813978
0.0273793
6.27407
6.25493
6.26586
6.26232
6.26452
6.26748
6.26621
0.0219462
6.23708
6.26648
0.0453482
6.22328
0.00176507
0.00600945
0.0193634
6.27854
0.00961763
0.0644727
0.00297427
0.00368937
6.2785
0.0192841
0.0125262
6.2793
5.76641
6.27438
6.25877
6.26631
0.0353448
0.00623837
0.00255091
0.0136292
6.28111
6.16235
6.2744
6.26914
0.039471
0.00418013
0.0106603
0.0324778
6.23869
6.26818
6.26814
6.20723
6.27782
6.2722
6.22146
6.2745
6.2628
0.00576343
0.0218316
6.28082
6.26124
0.00807309
6.27935
6.27572
6.28128
0.0361514
5.9188
0.051588
6.19385
0.0301172
6.2788
0.0360356
6.27943
6.27862
0.041716
6.20979
0.0387037
0.0127575
0.10401
6.26155
0.0861794
0.0193108
0.0397046
0.761411
6.25474
6.27756
0.00153449
6.27083
0.0872132
6.27287
6.27846
0.0115275
6.27793
6.23966
6.269
6.27584
0.259621
6.25078
0.00757737
6.27273
0.0128506
6.27744
6.27658
0.00337936
0.00327376
0.00607249
0.0124271
6.26144
0.00254245
0.00200803
0.00337092
6.27087
0.0560233
6.26078
0.0173927
0.100504
6.27488
6.10861
0.0018769
0.0161671
0.0154052
6.23602
6.24469
6.26631
0.0655519
6.26828
6.27276
0.0294858
0.0201763
6.27807
6.27912
6.27886
0.0144251
6.27143
0.00784605
0.010874
6.25752
6.2632
6.27839
5.51748
6.06397
6.25054
0.0073443
6.27987
6.26373
0.00760982
0.0137662
6.27681
0.00624887
0.00188923
0.0180813
0.0109941
0.0176406
0.0545265
6.2755
0.0645263
0.0292765
0.00666549
0.0096361
0.432676
0.0482962
0.00816392
0.00445295
6.24724
0.016496
0.00577436
0.0111985
6.27911
6.27348
6.27452
6.21924
0.01234
6.27188
6.27141
6.25271
0.00234058
0.00543185
0.077991
0.0440213
6.2807
0.0122351
0.0224556
0.00895508
6.2815
0.013305
6.2786
0.00680635
6.27984
6.24432
0.00186786
0.101216
0.0154002
6.26938
0.0329797
0.0056583
6.27973
6.24385
0.005925
0.0191424
6.25408
6.27965
0.0241869
6.25588
6.2815
0.165061
0.00792529
6.27519
6.27089
0.0139278
6.27177
6.27131
6.27626
0.00953068
0.0131692
0.0281659
0.0279402
6.26748
6.25386
0.00940138
6.27736
0.0327758
6.27694
0.00639305
5.60186
6.24028
6.15685
0.0102238
0.017188
6.28195
6.27902
5.57242
0.16174
6.10132
6.26924
6.27179
6.27211
6.24474
6.28029
0.0334782
6.25558
6.27582
6.27551
6.27097
6.2599
6.27987
6.20823
6.25675
6.28181
6.25584
0.0389752
0.0130728
6.27899
6.27282
0.00290536
6.27381
6.26675
5.99359
6.26266
0.0172144
6.26789
6.27954
6.13123
6.26977
0.0227601
0.0125625
0.0120643
0.0988329
0.172992
0.0380752
6.28137
6.27997
0.0110316
6.28109
0.187845
0.0350473
6.27771
0.00696929
6.18818
6.2743
6.18773
0.0236172
0.0239124
0.0178445
0.00634268
6.26675
6.21363
0.00918182
6.18808
0.132473
6.27838
6.2276
6.26687
6.272
0.00260684
6.23591
0.0141453
6.27968
6.27883
6.26147
6.28158
0.0872029
0.00274658
0.00761665
0.0692007
6.2563
6.281
6.24174
6.24714
0.0588588
0.00714369
0.00720947
0.00543767
6.23448
6.27714
0.00922773
0.00847284
0.0427642
0.0103604
0.0678768
6.23139
0.0210936
6.2793
0.00161878
0.0504397
0.0127219
0.0253377
6.2413
0.00939982
0.0133812
6.27618
0.226197
0.00266794
0.00664681
6.28127
6.27875
0.0359364
6.26514
0.020845
0.0312642
6.05011
6.27386
0.00632915
6.11842
6.27081
0.00238415
0.00631485
0.00817551
6.25339
0.0134402
0.0177164
6.26969
0.007034
0.0283845
0.0200668
0.0231695
6.27676
0.00181782
6.28155
0.039832
6.20653
0.00194729
0.0131838
6.2556
6.26699
0.0116645
0.0239182
0.0378193
0.0109095
0.00682857
6.27996
0.593659
6.27857
5.44289
0.0583575
6.28036
6.28144
6.20475
6.27936
6.279
6.27375
0.00512594
0.163348
0.00828717
6.27977
0.016834
0.0124633
0.0101275
0.00781491
0.0391631
0.0265768
6.26922
6.26457
0.00702974
6.27451
6.26888
6.27774
6.27358
0.00226009
6.26628
6.27045
0.0076937
6.27398
6.27727
6.27924
6.27445
0.129106
6.25902
6.24217
0.00401881
6.27853
0.0120654
0.00127308
0.00818619
6.25521
6.15361
6.27675
0.0788299
0.315281
6.26943
6.28024
0.00759004
6.26716
6.25604
6.27884
0.0865646
0.00203624
6.28022
0.0019576
6.26939
0.330416
6.0845
6.27812
0.0775304
0.022271
6.24295
6.27418
6.27611
0.619318
0.0189637
0.0158104
6.22006
0.0936512
6.27032
0.00407445
0.319367
6.28076
6.27697
5.80326
0.0132383
6.27756
6.25996
0.140777
6.27883
0.00867038
0.0123973
6.25099
0.0187825
0.0028694
0.0698426
0.0248363
0.597842
6.27784
6.26931
0.00501564
0.0728286
0.00521383
0.0109203
0.00304902
6.27368
6.2673
6.26986
6.11221
6.25756
0.00643847
0.00280861
0.0624023
6.26951
6.27979
6.27982
0.00338574
0.101272
0.0181221
0.101607
6.28128
6.18574
0.0243784
0.138067
6.25825
0.00505085
0.0015594
6.2806
0.0276164
0.00679635
0.0368155
0.0021475
6.27817
6.27138
0.00987451
0.0156618
6.25175
6.27478
6.18966
0.00694569
6.24264
0.123436
6.27428
6.27206
6.27115
6.27804
0.00898491
6.26955
0.0189938
0.0134736
6.26286
0.00418175
6.27497
0.0524554
6.27525
0.0141554
6.2787
6.26993
0.00124656
6.15961
6.24396
0.0118805
0.00164226
0.0562366
0.00328302
0.00239111
6.27866
0.0150533
0.0176747
6.27919
6.28171
0.00395529
0.00312364
6.26634
0.0243047
6.26706
0.112998
6.22724
0.364825
0.00383258
0.0290459
6.26327
6.2764
6.2659
6.2565
0.00898784
0.0292305
6.28019
0.104141
0.0459829
6.26519
0.00383199
0.018491
6.19071
6.26752
0.0162998
0.0207367
6.12461
6.19431
6.26197
6.26868
6.28026
0.0274181
0.00422413
0.0225423
6.27783
6.23119
0.0249265
0.00971174
6.27668
6.24691
0.00746277
6.27091
0.00395443
6.28052
6.14486
6.27708
6.24175
6.25315
6.27408
0.0398864
0.0199149
0.00519717
6.27743
6.27745
0.00624788
0.00265863
0.0631929
0.028925
0.00873845
0.114391
6.20491
6.2147
0.00440057
6.24536
6.27671
0.0852685
6.27962
6.23752
5.24238
0.00813399
0.0587395
6.25455
6.22766
6.25417
0.482157
6.27731
0.0043438
6.16943
6.2127
6.27909
6.24865
0.00877433
6.12223
6.27271
0.00189646
6.26784
6.27329
0.00566632
6.26972
0.178354
6.23861
0.0130649
0.0181099
0.0236868
6.2789
6.26766
6.27284
6.27732
6.26967
0.00522054
0.0176548
6.27757
6.25144
0.0189102
6.26976
0.0197792
0.00213743
0.0354422
0.0136667
0.00186078
6.19748
0.0204881
6.26743
0.0309348
0.0999795
6.27099
6.28008
6.24981
0.0150854
0.00219074
0.010314
6.2793
0.00320255
6.2772
0.0378859
6.2185
6.2764
6.25803
6.27713
6.26433
6.26949
6.27331
0.093238
0.00665841
0.00540905
5.80028
0.00993125
0.0111335
6.25264
6.26435
6.27301
0.0196132
0.0178189
5.9528
6.23803
0.0211642
6.2772
0.0331621
0.0287054
0.0539268
5.86834
6.26959
0.00830006
6.27555
0.0155229
0.0773343
0.0223784
0.0049356
0.0033818
0.0368921
0.00676567
0.0183303
6.28033
6.2548
6.2363
6.25056
6.08095
0.0755865
0.0572869
6.26368
0.00506117
6.27087
0.00205027
0.00194352
0.145427
0.138808
0.0234684
0.00328639
6.11852
6.25227
6.26307
0.0273868
6.27669
0.00548559
6.27996
6.27728
6.27658
6.13471
0.0316171
6.27761
0.00770703
6.19955
6.27086
0.00419657
0.0598012
6.2445
6.22494
0.0300964
0.0617277
0.00226584
0.00498998
6.2731
6.26157
0.0932879
0.0336815
0.00672596
6.27967
0.0136582
0.0478705
0.00541221
0.00593107
0.0462975
6.27104
6.09168
6.25753
6.13488
0.00364202
0.00410854
6.17576
0.258578
0.00185797
6.27587
0.0914995
0.0394046
0.017376
0.00352488
0.389418
0.00565508
0.01316
6.2777
0.00703752
6.26424
6.26202
0.0128294
0.103229
6.28094
5.37219
0.0050709
0.951585
6.26289
0.00437744
0.00360453
0.00422132
0.00898139
6.25091
6.27869
0.00627036
6.26974
6.15757
6.25035
0.0174788
0.00197748
0.462555
6.26391
0.00415462
0.00846087
0.0313927
6.27664
6.11371
0.0225409
6.26843
0.00745573
0.015156
0.00693986
6.25524
6.27968
0.0204011
0.0547494
6.27447
6.24322
0.164422
0.0051421
0.00236107
6.21146
6.27513
6.27498
6.27933
6.25881
0.0154161
0.00662792
0.335393
0.0155825
0.00643644
6.27177
0.00523775
0.0287184
6.27216
0.0752308
6.28052
0.00155
6.25363
0.0137314
0.00559024
0.0115162
0.00581132
6.26853
0.0045908
0.00652525
0.00878496
0.02181
0.00897446
6.23755
6.26811
6.23311
6.22986
0.00130302
0.0148226
0.00299804
6.26094
0.00675247
0.00749598
0.0235139
0.00241768
6.13476
0.00326689
6.25005
6.2685
6.27774
6.26349
0.00573402
6.27675
6.27604
6.27611
6.20787
0.0374273
0.0706887
6.259
0.00590711
0.0130612
0.095506
6.08095
6.27289
0.0405842
6.27886
5.59304
6.25803
0.0221506
6.27767
6.00611
6.27128
6.26201
6.27312
6.26419
0.0113944
6.27638
6.17781
0.0849257
0.00869382
6.26957
0.17053
6.28074
6.2092
0.0712144
0.013562
6.19796
6.26923
6.28111
6.27359
6.26691
0.0114004
6.27713
0.00617899
6.25616
6.28186
6.05031
0.0258345
6.28143
6.27286
0.0231767
6.25471
6.27717
6.20125
0.0805749
0.00634073
0.0797653
0.111828
6.27561
6.27183
0.231866
6.22987
6.25988
6.24424
6.27638
6.25766
6.24932
6.23163
6.25586
6.27367
0.070484
0.0116624
6.25736
6.27256
6.25919
6.20363
6.27907
6.26153
6.15561
0.00394829
0.032992
0.00365599
0.0138315
6.01663
6.26131
0.00914552
0.00564587
0.00538959
0.124509
0.00688791
6.24228
6.24918
6.25416
6.26915
0.0048629
6.27874
0.0680655
6.27088
0.00342348
0.0163362
0.00890694
0.00690699
6.2704
6.27006
6.27849
6.27846
0.0144922
1.0322
0.0164818
0.00629285
0.0125617
5.91849
5.70139
6.2723
0.0041933
6.27301
6.27893
0.267789
0.00298054
6.24719
0.575826
6.27963
0.00896155
6.27868
0.0285527
0.0142957
0.0768516
0.00502224
0.0734847
0.0869076
0.0184851
0.00855775
0.0166509
0.00936257
0.00511859
6.28039
6.27016
0.00251391
0.0147344
6.27668
0.00636236
0.0776363
0.0164247
0.00186301
0.00418564
0.0270347
0.278603
6.26408
6.27428
0.0316676
6.27699
0.0146423
0.0119417
6.28041
6.27494
0.407462
6.27524
0.0444544
6.27536
0.0139639
0.0237467
6.14745
6.27593
6.27774
0.0384206
6.27374
0.00376849
6.27421
0.0189737
6.08204
6.27747
6.27868
6.27836
6.27175
6.28031
0.0196716
5.55037
0.00298544
0.0234545
6.27759
0.0754131
6.28063
0.278609
6.27594
0.0375693
0.0385256
6.01192
0.00420629
0.00659158
0.00879293
0.0681887
6.28173
0.0224396
6.26605
0.0036543
5.75583
6.27753
0.00303255
6.27835
0.00127731
6.26833
6.28089
6.27126
0.00418252
6.27728
6.27959
0.137044
6.26155
6.23196
0.00428448
6.25694
6.27436
6.26066
0.0320949
6.2783
0.0194697
0.00535943
0.0179567
0.00459726
0.0024905
6.27514
6.26409
0.026186
0.0016376
6.27712
0.00698432
0.0479059
6.27532
0.00789583
0.0745712
6.27851
6.22493
6.27787
0.0720637
6.234
0.00330334
6.25875
0.00964801
0.00444797
6.26903
0.0502399
6.26602
6.25984
6.26537
6.25891
6.27692
0.0400705
0.006967
6.25876
0.00519352
6.14719
6.28043
6.2436
6.24076
0.0160799
0.076047
0.00862556
0.806807
0.136684
6.27327
6.24154
0.102355
6.28187
0.0639448
6.2783
0.0283428
6.2788
0.0190527
0.0157509
0.383767
0.0205451
0.0112
0.0494197
0.0405829
0.0276346
6.24927
0.0890709
0.00707254
0.0106122
6.18819
0.0155372
6.15418
0.0142783
5.78231
0.00735488
6.21584
0.0124246
6.27427
0.0215147
0.0134897
6.28146
0.117043
0.0206549
0.00565642
6.19046
6.28021
6.27958
0.00162233
0.003843
0.00310407
6.27873
0.0128338
6.27362
6.27655
6.27755
0.011683
0.00532077
0.00268888
0.00720094
6.2812
0.0228933
6.2646
0.0113941
0.0483985
0.0165035
6.16086
6.26563
0.00493958
6.27914
6.28159
0.007826
6.27943
6.25562
0.0386143
0.00724603
6.27855
0.0618811
6.27883
6.23096
0.0597129
0.0775646
0.0188783
6.08009
0.0131598
0.0212966
6.15105
0.0176757
0.172874
0.0389105
6.26579
6.27856
6.27582
6.28164
6.19989
0.00852122
6.24022
0.0172144
6.27122
0.00371704
0.00145835
6.28163
6.25929
0.0167771
5.97703
6.23846
0.0208052
6.23496
0.00151061
4.4827
0.00721474
0.0122452
0.0824537
0.00972909
6.19386
6.27832
0.00124862
0.00782906
0.109472
6.24975
6.27811
6.26149
0.706768
0.242626
0.0227778
0.0451987
0.0209839
0.0888447
0.00683038
6.27942
6.27868
0.0178093
0.0204899
6.25577
0.163108
0.0765748
6.27577
0.0145442
6.27063
6.28133
0.00654246
0.0217021
6.26847
6.22401
6.26933
6.27762
0.00786083
6.26261
6.257
0.00285338
0.166661
0.0207344
6.27347
6.2786
6.27698
6.27164
0.0613398
6.27162
0.0724831
6.27779
0.191019
6.23182
0.00874718
0.00166538
6.27704
6.25667
6.2676
6.25124
0.0408793
6.27581
0.00828423
0.0461631
6.26552
6.27594
0.013217
6.27743
0.0204951
6.26319
6.25241
6.2636
6.26999
6.24572
0.157854
0.0077196
6.18385
5.77376
6.26064
0.0200272
0.00949448
6.27998
6.25649
6.27955
0.0484909
0.00733659
0.0066602
0.00603097
0.00962815
6.25316
0.0133109
6.27451
6.27966
0.00513519
0.0396019
6.27831
0.0156432
0.0174083
6.25995
6.27132
0.0711445
0.00864502
6.07264
6.27568
6.27552
6.27669
6.27702
6.18786
6.23818
0.0204933
0.0136344
0.0694439
0.00272629
0.00154945
6.26961
0.00267201
6.27596
6.27432
6.27882
0.0285339
0.180889
6.27178
6.27288
0.00672621
6.20736
0.284434
0.0133342
6.28163
6.26985
0.0744738
6.2253
6.27667
0.167151
0.00142725
0.0121429
4.52553
0.00993755
0.00562658
0.0144688
6.26827
0.0258881
0.0125506
6.27808
6.23047
6.25526
6.26333
6.25314
6.27791
0.00341938
0.00248496
0.37231
0.0305615
0.0104551
0.044509
6.27604
0.0526553
0.0933817
6.28098
0.00229511
0.0461213
0.139122
6.27208
0.0671577
0.0139255
6.27936
6.27126
6.2498
6.23329
6.2773
0.0409502
0.00402065
6.27798
6.13273
0.00819037
6.27851
0.0610114
6.27088
0.0115789
6.27382
0.00185947
0.0487136
6.27539
0.0158085
0.139962
0.0283327
0.0571677
6.27609
6.23761
0.0081996
6.27197
0.00913749
0.00868143
0.00664114
0.0132388
6.27942
0.0153607
0.00436178
6.26053
0.00152011
0.0278182
0.143481
6.25159
0.0181644
0.0464635
6.2714
6.28083
0.00551841
0.0176356
6.26364
0.0305067
0.0493473
6.27023
6.27656
6.17606
0.058094
0.00800612
0.013671
6.28016
6.27736
6.27622
6.26262
0.0126808
0.0361408
0.00650754
0.386614
0.0224196
0.111168
0.052092
0.00270445
0.0187217
0.0064034
0.0138114
0.0265892
6.27575
0.461693
6.27878
0.0159849
6.20783
0.263475
5.98868
6.27309
0.00461786
6.25902
0.0297054
6.25952
0.0314254
0.0223076
0.0333796
6.28153
0.00809845
0.00258795
0.0427789
0.054919
0.00423815
6.26992
0.00400254
6.27968
6.27113
0.0136045
0.00302553
0.031477
6.26328
0.0254656
6.2762
6.27906
0.0656013
0.0131112
6.2808
0.107826
0.00799028
6.28158
0.00789603
6.26142
6.27601
6.25836
6.26908
0.017991
6.0841
0.00806671
0.0162774
6.21794
0.126188
6.27229
6.20066
0.0643848
0.0592783
0.00438742
0.0053547
0.00784127
6.26926
6.25875
6.28122
6.24919
6.26665
6.268
0.090112
6.27209
6.26966
6.28012
6.28048
6.28133
6.26514
0.0199533
6.24942
0.00187188
0.0412151
0.0320546
0.0329984
0.00984549
6.27523
0.00841607
6.26873
6.00468
6.2762
6.27098
6.24943
6.17338
6.27009
6.23062
0.0272315
0.401517
0.0076288
0.048865
6.28132
6.27866
0.0165904
6.27802
6.26026
0.0478623
0.00690619
0.0364089
6.28135
0.00216422
0.0836776
0.0123623
0.00366094
0.0143173
0.0143243
0.0105997
0.0191723
0.00915056
0.132235
6.14116
0.0697842
0.00271184
6.27912
0.0236509
0.0543996
6.26736
0.0182802
6.27271
0.00316306
0.0144127
6.27984
6.2752
6.27662
6.13146
0.0116034
0.00879146
0.00269572
0.00694813
0.00314412
0.00875124
6.28136
0.00239316
0.0179023
6.21954
0.00152456
6.26908
0.0314383
0.00249257
6.2801
6.17868
0.0303842
0.00403717
0.488104
0.052791
6.27944
0.00739839
0.0158317
6.27905
0.00202879
6.26102
0.00448458
0.00156983
0.0199624
6.26274
6.27338
6.27745
6.19437
6.27498
6.28057
6.27002
6.26802
6.23646
6.27374
0.0198687
0.00911644
0.00595209
6.24858
0.422131
6.27982
0.0050351
0.00348329
0.0128404
6.2404
0.0371393
6.2298
0.0809186
0.043968
6.26681
6.25745
0.256033
0.00631411
6.28167
6.25967
6.20227
5.95534
6.27701
6.27648
0.0205441
0.0128177
6.0805
0.0296413
6.26731
0.203763
0.00639502
0.0098916
0.00430843
0.00665759
6.28187
6.26554
6.26713
0.0135108
0.0546164
6.27922
6.27987
0.0291535
0.296344
6.28026
6.09297
6.24068
6.25725
0.00513941
0.052645
6.27958
0.0100191
6.25367
6.27596
6.24699
0.00841718
0.00389732
0.0439899
6.28193
6.27163
0.00390186
0.1966
6.23906
0.00782091
6.25831
6.0618
6.27562
0.00175091
6.28011
0.0445227
6.28082
0.0522503
4.37686
6.28152
6.14621
6.26934
6.27067
0.00906633
0.0046598
0.0474642
0.00664818
0.00670944
6.1855
0.00503838
6.28072
0.0123693
0.008621
6.27064
6.27325
6.15777
6.28149
0.0191312
6.27548
0.00460212
6.27938
0.0365127
0.00482389
6.28125
0.0237952
6.27031
0.0532472
6.27688
0.0102688
0.0151618
6.26679
6.27841
0.011709
0.0126872
6.25434
0.00765801
5.66743
6.2792
0.00582137
0.00257409
6.25503
6.27445
0.00291838
0.00996236
6.27762
6.24181
0.00605299
6.27887
6.24412
6.27897
6.27976
6.27842
0.0262433
6.2797
0.014642
0.030748
0.00425914
6.24297
6.2193
0.00266944
0.00833726
0.0171633
6.27696
0.0219137
6.21431
0.108181
6.2799
0.0967084
6.27857
5.86576
0.0127311
0.0175601
6.24939
6.27842
6.26397
0.0256796
0.0126001
6.28186
0.00985408
6.25206
0.016301
6.22177
6.25981
0.214463
0.00337974
6.2695
6.02122
6.25145
6.27308
0.00490222
6.27923
6.27249
6.24757
0.00293335
0.0130349
6.26986
6.00583
0.00902348
0.00199301
6.25794
6.27752
6.27182
6.23301
6.26382
6.21205
6.27654
6.27899
0.00743927
0.00286952
0.00633625
6.25766
0.00880859
0.0236623
6.28175
6.26874
0.00832951
6.26081
6.27393
0.00464959
0.0135731
0.0895588
6.27016
6.26904
6.26881
0.00704451
0.00950474
6.21976
6.28066
6.27391
6.28116
6.27283
6.25778
0.247308
6.26594
0.0116108
0.0139497
0.06745
0.108965
6.24872
6.27851
0.27298
0.00501538
6.11244
0.213247
0.0171238
0.0258766
0.00460852
0.335524
6.27709
6.23203
0.0301667
6.25641
6.28141
0.013076
6.27754
6.27927
0.0744584
0.0698605
0.00792686
0.0290644
5.94977
6.19295
6.27613
6.19837
1.50109
6.26175
0.00234202
0.255451
0.0048722
6.27417
6.27898
6.26019
0.00610993
0.00160799
0.0331285
0.0180886
6.27916
0.0240705
6.27958
0.00644953
6.28089
0.0118651
6.27325
0.0889741
0.0111498
0.0029488
0.00279441
0.0042159
0.0239801
0.0137846
6.27553
5.53691
0.112235
0.0430308
6.27596
6.27852
6.26732
0.0299691
6.22559
6.27985
0.0329816
6.27092
6.28008
6.26856
0.0065681
0.00880521
6.26639
6.27316
6.26026
0.00812604
6.26951
6.27412
6.27378
6.2788
0.0321837
0.121572
0.0187761
6.28108
0.0189466
6.27745
6.22747
6.26614
6.28058
0.00388345
0.0600755
0.00870414
0.141127
6.27039
6.26739
0.00199821
6.27593
0.0628858
0.0143701
0.0109209
0.016554
6.2487
0.00527844
6.2627
0.0522216
6.28005
6.27873
0.0868919
6.26978
0.120951
6.27592
0.00555159
0.117084
0.0239419
6.27843
6.26646
0.00412438
6.21061
0.0312659
0.00644827
0.0792746
0.0113955
6.27897
0.00508308
6.28148
0.10373
6.27049
6.2789
0.0211322
6.26925
6.13725
6.27873
0.0218652
0.0229975
6.27746
0.267287
6.27918
6.25719
0.0162768
6.26707
0.00519386
6.27975
6.27692
6.27753
0.0335708
6.26839
6.23302
0.182081
6.27289
0.00310607
0.00817217
6.27757
6.28099
0.013644
6.25996
6.28054
0.00945688
0.0292734
6.2765
0.0563654
6.27859
6.22635
6.28157
6.03374
0.00410221
6.22891
6.27845
0.160523
0.0218867
0.00483781
0.00176844
6.26532
0.0188461
6.24906
6.20287
0.0123101
0.00714946
6.25141
6.21995
6.27953
0.115856
0.206392
0.0257798
6.27047
0.00422106
6.27473
6.28144
6.26799
0.0408051
0.191475
6.21368
6.27699
0.0535148
0.00359727
6.25391
6.27555
6.2783
0.00310631
0.0374535
6.27501
6.15791
0.0319272
6.18075
0.0266898
0.00820803
6.28128
6.27605
0.00434476
6.28034
6.26912
6.2693
6.26274
0.0353516
6.26403
6.26878
6.27949
0.0131792
0.00375666
0.0118691
6.27229
6.27924
0.0197931
6.16163
6.27598
6.15798
0.0478265
6.27796
6.15269
6.27818
6.27683
6.27545
6.20689
6.24762
6.21746
0.00222249
6.28108
6.28042
6.27818
0.00981161
6.10246
6.25342
0.00673318
6.15695
6.279
0.00563672
0.177846
0.00480456
6.28139
0.272072
6.2796
6.26649
0.00215401
6.27568
0.00280219
0.00598502
0.0106987
0.0839139
0.0383957
6.25922
0.0464423
6.26652
0.00839472
0.0093828
0.0021415
0.00819084
0.0041604
6.27423
6.08074
0.0517784
6.21609
6.26623
0.01399
0.0613828
6.25297
0.00491899
6.27895
6.26261
0.0377611
0.0119706
6.2702
0.0197769
6.2756
6.27769
6.27618
0.0176898
6.27722
5.89499
6.22009
5.95761
6.25791
0.00307514
0.017222
0.0141194
0.00227704
6.27548
0.0317922
6.16736
6.27297
0.0165266
6.18761
0.0357989
6.09679
0.00563706
6.25945
0.0268152
0.0542625
6.27992
0.0119657
0.0134446
6.26514
0.00454631
6.27336
6.26473
0.0142903
0.0918968
0.0194687
0.0117835
0.0111059
0.0094527
6.27937
6.24076
0.0515463
0.0143945
0.0143802
6.26911
0.0105924
0.00737825
0.00362017
0.058322
0.123162
6.10094
0.437087
6.26359
0.00306539
0.00348425
0.00219412
6.21725
6.26917
6.27226
0.0057693
0.0346023
0.00900446
0.00601247
0.0019477
0.0053607
6.21027
0.00491477
6.22485
6.24613
0.0169101
6.27777
0.372415
6.26908
6.27673
0.0148053
6.27043
0.0473303
6.2801
0.0362796
6.26978
0.00902857
0.0420004
0.0376077
6.27507
6.27632
6.26529
0.00391176
6.28017
6.27634
0.023605
0.0137171
6.2765
6.26605
6.26412
0.00385849
6.272
0.390566
0.0509058
0.0140773
0.0100508
0.0154597
0.0593187
0.0265828
0.019976
0.0324853
6.27546
6.27991
0.00533325
0.030748
0.0339466
6.27274
0.00474857
6.2426
6.28109
0.00347861
6.27297
0.00850155
6.27742
5.72308
6.27475
6.25187
0.00211258
0.0209344
6.27489
0.0983885
0.0513506
6.26347
0.0383644
6.27437
6.27234
6.27984
6.2671
6.27807
0.0742269
0.00371353
0.0106414
6.25663
0.00783123
0.031813
6.243
0.0133825
6.27514
0.00207125
0.0340919
6.23722
0.018979
6.26424
6.27198
0.0105785
0.0308412
6.27838
6.28127
0.00534322
6.27342
6.03751
6.2785
0.0518173
6.25961
6.27779
0.0170912
0.017011
0.00784623
0.00924109
0.0193779
6.22323
0.00334962
0.00349664
6.27363
6.20353
0.0132059
6.27955
6.27846
6.27779
0.00911584
6.26699
0.00546247
0.0127099
0.00189417
6.27929
6.17388
6.27217
0.0730803
6.26476
0.0222034
0.00631062
6.26422
6.26534
0.0148692
6.27158
0.0023998
0.0329817
0.0382348
0.016179
6.28046
0.0161013
0.00489046
6.28035
0.0145062
6.27402
6.27485
6.2122
6.26636
6.26356
6.26832
6.24823
0.0119
0.00524174
6.21838
6.14711
6.27941
0.32349
0.0548509
6.20979
6.25756
6.16132
6.27832
6.27658
6.24445
6.28133
0.0194558
6.2607
6.21925
0.00580654
0.0276848
0.14203
6.26783
6.28
6.2588
0.287848
6.2728
6.14975
0.00588396
0.121825
0.00608672
0.00722881
0.00403869
0.0155073
6.25346
6.2353
0.016975
6.27308
0.0189086
0.0132888
0.0128306
0.00843334
0.66866
0.00570978
0.00473933
6.27321
6.26653
6.2757
6.24808
5.99604
6.24645
6.26747
0.00398623
6.26315
6.25275
0.0878748
6.26498
0.0652494
0.0773362
6.27276
0.0194519
6.28153
0.227534
0.0299867
6.28071
6.27798
6.26808
6.27618
0.014356
6.17094
0.0130272
6.27091
0.00996971
6.18107
0.107649
6.22076
0.0169584
6.27861
6.25372
0.0266634
6.27689
6.20441
0.029676
6.27472
6.26014
0.00518287
6.27114
0.149816
6.26633
6.24433
6.27344
6.27725
6.27242
6.16308
6.28148
0.0105283
6.16772
0.0124892
6.13435
6.24065
6.26029
0.00570691
6.2728
6.28126
0.00218326
0.00179008
0.00664973
6.28052
0.00315096
0.0293582
0.00775422
6.26162
0.0145912
6.2748
0.0156781
0.276339
6.27254
0.00309211
5.86798
0.0176053
5.88305
0.00931424
0.0846162
6.22248
0.328445
0.0337673
0.00543998
0.0078543
0.136621
6.28114
6.27939
0.0153804
6.27752
0.104684
0.00576752
0.00613946
0.00388453
6.18981
0.126906
6.26826
6.15684
6.25909
0.010235
6.2808
6.26797
0.00793589
0.0327871
0.0332694
6.23107
0.023294
0.124382
6.27222
6.25391
6.27604
0.0171564
6.24835
0.0125834
6.27496
6.27269
0.00189276
0.012067
0.00800965
0.0199583
0.0273077
0.0108008
6.26356
0.00644678
6.27973
0.00540307
6.16593
6.27528
0.260589
6.26948
6.27206
6.17975
6.24808
0.00330466
0.0143397
6.0917
5.91768
0.0636845
6.27042
0.00697741
6.24014
0.00287214
6.28033
0.00248805
6.18846
6.27834
0.00312275
6.28145
6.26921
6.27768
6.27477
6.28035
0.0502604
0.0111168
0.00423187
6.27398
6.26858
0.0206497
0.00664816
6.2766
6.12999
6.24267
0.00425995
6.27603
6.22607
0.0227486
6.27144
6.28095
6.25729
6.23948
0.0098946
0.00686754
6.27167
6.25501
6.1031
0.0104106
0.0244672
6.24968
0.00752462
0.0165593
0.166535
0.0780648
6.27913
6.24574
6.28126
6.16063
0.509912
6.28033
0.00768562
6.27809
0.029
6.26715
6.26998
6.27394
6.27688
0.0027002
0.0665444
6.27869
6.25538
6.01992
0.00350088
6.27691
0.0179977
6.27423
6.26498
0.00919068
6.10743
6.23508
0.00766399
0.0181315
0.0163978
0.0292659
0.0557637
6.28069
6.27126
6.27408
0.0116306
6.27697
6.27861
0.00546632
0.0114954
0.00943864
0.112232
0.00897822
6.16772
0.0142073
6.18677
0.0168878
6.28005
6.22557
0.102336
0.00489082
0.00547898
0.0288601
6.2794
0.0283619
0.0200382
6.1978
1.65673
6.27568
6.27212
0.0715053
0.00151488
6.07676
6.27213
6.25966
6.28116
5.98531
0.0110036
0.0117651
6.28162
0.0208216
0.00818192
5.67395
6.28066
6.21577
6.18885
0.0147421
6.27644
0.0192099
6.2672
0.0518589
6.2424
6.27167
6.22686
6.02021
6.27983
5.41743
0.0991367
0.00249087
6.23046
6.16654
0.00156651
0.130803
0.00317866
6.2802
6.28071
0.0109082
0.016353
6.28177
6.27421
6.27135
6.28133
0.0172802
5.65532
6.27878
6.26553
0.143764
0.0241598
6.27919
6.26816
6.27481
0.00218142
6.26674
6.27621
0.00565094
0.0752752
6.26053
0.0238969
6.27816
6.05136
0.00359714
6.24522
6.2805
6.23168
0.0157555
6.27667
0.00634434
6.25451
0.00785029
6.27231
0.00662333
0.00262938
6.2804
6.27353
6.26561
6.27141
6.2776
0.104753
0.0170505
6.26252
0.00413342
6.27941
6.21816
0.0708018
0.00488984
0.00509924
0.0148885
6.21267
0.0294734
6.26738
6.20826
6.00899
0.0116567
0.0360822
6.28073
6.28092
6.26564
6.25946
0.0972074
0.0254498
6.2376
0.00546925
0.00136388
6.25685
6.2751
6.26673
0.034945
6.27472
6.27018
0.0178771
0.0113872
0.897773
0.0191636
6.25418
6.26221
6.22689
0.0118134
6.26658
6.26749
6.27854
0.279731
0.00936986
6.27834
0.0413474
0.00696842
6.27771
0.0125751
0.00157249
6.2575
0.00402586
6.2684
6.12978
0.0123286
6.26412
6.25479
6.21993
6.13767
6.28072
0.00296343
0.0477647
6.27232
0.362362
6.00215
0.0113164
0.0249704
0.0205963
6.23924
0.0130455
0.0108823
6.23749
0.730915
6.27716
0.0529901
6.0455
6.27147
6.21299
6.26431
6.23415
6.28048
6.19909
0.00547303
6.27796
0.0213197
0.00957955
0.00592137
6.28181
6.26689
0.0107433
0.00247816
0.00625162
6.27953
0.00570751
6.27225
6.27578
0.00716441
6.22194
0.00995438
6.24011
0.00122281
0.0107688
6.27628
0.00222919
0.00693352
6.26382
6.26956
6.22846
0.0119651
6.27637
6.27886
6.10317
6.27644
0.0114068
0.0201231
6.24846
0.00352104
6.12147
6.27578
6.24106
0.10327
0.111517
0.0280001
6.26021
6.28106
6.23851
6.26597
6.25662
0.00745405
0.0482512
0.0394474
0.0229166
6.14951
6.27839
6.23431
6.2782
0.0289627
0.0118858
0.0383212
6.27137
6.21484
6.22664
6.27073
6.27923
6.26041
6.28152
6.27552
6.26561
6.27417
0.0142767
0.00421159
6.28175
6.25333
0.00704901
0.0133291
6.27083
6.26277
0.0333296
0.010045
0.0473629
6.27829
0.030974
0.00564874
6.27974
6.27897
6.19915
6.26793
0.00938251
0.0940392
6.264
0.015773
0.222974
4.87768
0.0133974
6.24009
0.238906
0.00511416
0.12221
6.28048
0.0412716
6.16819
0.00472676
6.22533
0.0115255
6.20045
6.26713
0.00515079
6.28126
6.1704
0.0276774
0.00425345
6.27947
6.25704
0.0342405
0.0254399
0.0344445
6.27741
6.25616
6.27913
0.0041135
0.00428822
6.27492
6.27885
6.2293
6.27737
6.20688
0.00335902
6.26855
0.0340983
0.00711441
6.2392
6.2803
0.0552493
6.27444
5.67704
6.26664
6.2817
6.24473
0.0193378
6.2635
0.0121976
0.0040248
0.00297473
6.28048
6.22112
0.0184673
0.0129009
0.0136062
0.0133197
0.00625357
6.20934
0.0100496
6.27517
0.0090284
0.0173059
6.12175
