6.27896
3.14159
6.27338
1.5708
0.016262
0.0320793
6.28021
3.14159
0.00242742
6.27908
6.27582
6.28144
0.0202573
3.14159
6.23482
0.007772
0.00277783
3.14159
3.14159
0.0615673
0.000211365
0.027217
3.14159
6.27545
3.14159
0.138672
0.0734243
0.0158773
6.27338
3.14159
4.71239
6.2814
5.99734
0.0378247
0.00127502
6.25036
6.27018
6.27555
6.273
6.24285
0.0678505
6.2721
3.14159
3.14159
6.27976
3.14159
6.27502
0.0234799
0.0382978
0.0109359
0.144321
0.00114385
0.0180742
6.26751
6.27109
3.14159
0.0201847
6.13167
6.26348
0.00871616
6.20584
6.25882
0.00629647
6.22806
0.0124602
0.141289
1.5708
0.215243
0.0092858
0.0286712
6.24448
0.0388907
4.71239
0.00530741
3.14159
3.14159
3.14159
0.0214707
6.27157
0.0274957
0.00369252
0.056881
6.22301
6.26659
1.5708
6.25852
6.25905
6.26777
6.27245
6.272
3.14159
6.27712
3.14159
0.00433341
3.14159
6.25151
6.27917
3.14159
6.28033
0.0290525
0.0197353
4.71239
3.14159
6.03573
3.14159
3.14159
6.26373
0.00635072
3.14159
0.00982616
6.27241
0.0139211
3.14159
6.28162
3.14159
0.0118982
4.71239
0.120395
6.27577
3.14159
3.14159
6.24157
6.26635
6.26881
3.14159
3.14159
0.00971827
0.0104002
3.14159
3.14159
3.14159
6.28121
4.71239
0.00981372
3.14159
0.00462088
1.5708
6.12583
3.14159
0.00246167
3.14159
6.26607
3.14159
3.14159
1.5708
3.14159
6.15563
6.27798
6.24027
6.23558
6.16976
0.038514
4.71239
0.0150372
0.0207701
3.14159
6.22356
3.14159
3.14159
3.14159
3.14159
6.25263
0.0463386
6.26706
3.14159
6.25882
5.89573
0.0083682
6.27868
6.28078
0.376039
3.14159
0.0651099
6.26808
0.0290521
3.14159
0.0218548
1.5708
5.97482
6.18621
3.14159
0.0133935
6.26858
6.27632
0.0600552
0.0211435
0.00418808
3.14159
0.00879232
3.14159
4.71239
6.20832
0.100678
0.0124857
0.000822099
0.00214798
3.14159
6.27162
0.0253651
0.0213902
0.0265208
0.0132105
0.0155733
3.14159
0.012468
3.14159
3.14159
0.0151449
0.0255644
0.00699644
0.0165896
6.26939
6.27235
0.0226129
0.0028618
0.0159173
6.27682
3.14159
0.00685858
3.14159
3.14159
0.00194723
3.14159
0.0313083
0.00196412
0.0046948
6.27467
3.14159
6.24104
0.602042
0.0173707
6.25954
3.14159
6.28031
0.00531828
3.14159
3.14159
3.14159
0.0132979
6.27169
3.14159
3.14159
1.5708
0.00729708
0.00424284
3.14159
0.039552
5.67997
0.466937
3.14159
6.28277
3.14159
0.00997519
4.71239
0.0343661
3.14159
0.00789099
0.00409929
6.27895
3.14159
1.5708
3.14159
0.0245997
3.14159
0.0171041
3.14159
6.27903
3.14159
0.0133379
6.28209
0.00830905
0.0129213
0.0368232
0.0144731
6.27844
3.14159
3.14159
6.26171
0.00530093
6.27928
6.26676
3.14159
6.0056
4.71239
3.14159
0.00207992
3.14159
3.14159
0.0142803
4.71239
1.5708
6.24383
0.00169821
0.011133
6.18035
0.0985737
0.0278311
0.0416069
3.14159
0.00531779
3.14159
0.0048881
0.00326274
0.0162905
6.27492
6.20825
0.0176943
0.0277147
6.27821
0.0063204
0.0587567
3.14159
6.27763
0.00362299
0.00254492
6.2137
6.06738
6.28003
3.14159
3.14159
0.127864
6.24318
3.14159
6.27502
0.0313785
6.18564
0.093404
0.0188915
6.24006
6.27529
6.27819
0.00777221
0.0141089
3.14159
4.71239
1.5708
3.14159
0.0131998
3.14159
6.21384
6.27193
6.1943
0.0199893
0.00901315
0.00451624
0.199674
0.00221895
0.0464713
3.14159
0.0367196
3.14159
6.28017
6.21284
0.00139409
6.27947
3.14159
0.0467241
6.19231
0.0287005
3.14159
0.00151898
6.26238
4.71239
6.23997
6.25552
0.0420902
0.00684095
0.00742969
6.28034
0.0115679
6.27247
6.27552
0.910919
6.27555
3.14159
3.14159
1.5708
0.0419497
0.10103
3.14159
3.14159
3.14159
0.0949624
0.0205539
6.28163
0.647435
3.14159
3.14159
6.27512
3.14159
0.0213952
4.71239
3.14159
3.14159
0.0111377
0.0680016
0.400175
6.28059
0.0232471
6.27533
5.8216
3.14159
0.00592481
6.27945
0.0296665
3.14159
0.0026681
3.14159
0.0150854
4.71239
6.27693
6.25425
0.00586853
0.000785814
0.0335928
0.00587046
3.14159
6.26582
6.27875
0.00883505
3.14159
3.14159
0.0291794
0.00486948
6.2777
3.14159
0.267033
6.27896
0.0231792
6.26781
3.14159
3.14159
3.14159
0.741843
6.22772
6.27595
6.26868
0.107109
3.14159
6.27978
0.024878
4.71239
6.23449
6.27965
3.14159
6.27621
0.0539472
3.14159
0.00898391
3.14159
0.0739027
4.71239
6.28273
0.00927027
6.24337
6.23575
6.25476
6.23785
6.25752
3.14159
0.0199303
0.0154364
3.14159
0.0280641
0.0645923
0.0661539
6.25604
0.0375799
1.5708
0.00934629
6.25018
6.27681
0.127039
0.0160992
4.71239
3.14159
0.00756209
6.26846
6.27544
6.25377
6.2462
3.14159
6.27051
0.0248244
3.14159
0.0209301
4.71239
0.10633
6.24272
6.27358
6.21463
0.211138
3.14159
3.14159
3.14159
3.14159
6.28018
3.14159
3.14159
6.26324
3.14159
3.14159
6.26279
3.14159
3.14159
0.0202553
6.27642
0.00620175
3.14159
6.27236
6.25894
3.14159
6.17155
6.27493
6.06786
3.14159
0.022896
0.00498005
6.2551
6.24891
0.490167
3.14159
0.00182005
6.17044
0.163604
6.16536
6.28164
6.11703
3.14159
0.0129618
4.71239
6.23769
3.14159
1.5708
6.166
3.14159
0.00435601
6.2202
3.14159
3.14159
6.20031
3.14159
6.27923
6.27143
6.23591
6.2472
3.14159
6.27054
0.00982736
3.14159
0.0196864
6.24499
6.15872
6.15537
6.27624
0.00280146
0.0156967
6.27528
0.00669775
6.26071
6.27612
6.27099
0.138931
6.16681
6.27816
0.0120342
0.00586997
3.14159
6.27955
6.27725
3.14159
0.00497506
0.0213531
3.14159
3.14159
6.27657
3.14159
6.25027
6.2793
6.2743
1.5708
3.14159
6.27403
0.0271872
6.20745
3.14159
3.14159
4.71239
6.26343
6.27164
5.65511
0.312843
0.00705033
5.79354
0.278899
6.25423
6.20571
6.28177
0.0831888
3.14159
0.0432723
3.14159
6.24987
6.27919
3.14159
3.14159
3.14159
6.26822
6.28009
6.25475
6.27095
0.0220633
1.5708
6.23232
0.11841
3.14159
0.00959746
3.14159
6.26257
6.25775
0.00803958
6.2233
3.14159
3.14159
0.0747516
0.00496866
6.20354
0.00559004
3.14159
3.14159
3.14159
3.14159
3.14159
6.2601
0.00977183
6.0804
0.00968174
3.14159
6.26028
3.14159
0.0128173
0.00685448
1.5708
6.24147
3.14159
3.14159
5.97769
6.24011
0.0133014
3.14159
3.14159
0.00689235
3.14159
6.27515
0.00488788
6.15176
3.14159
3.14159
6.18916
3.14159
3.14159
3.14159
0.0719874
0.00992981
3.14159
6.27175
6.27098
0.403086
3.14159
0.0245005
6.27006
0.0104129
6.17428
6.25405
3.14159
3.14159
0.0104665
6.28002
3.14159
6.25046
0.0078447
0.0135558
6.27049
0.000519889
1.5708
3.14159
3.14159
6.276
3.14159
6.28056
6.24989
4.71239
3.14159
6.28087
0.0254087
6.27914
0.0574414
0.0176923
3.14159
0.00771782
6.08095
0.011321
6.27986
0.0357773
6.27287
0.0210703
6.22506
6.28038
0.0214226
3.14159
6.27066
3.14159
0.0100279
0.00777563
0.0426566
3.14159
3.14159
0.0821553
6.23856
3.14159
3.14159
3.14159
0.101934
0.0130366
3.14159
0.0379345
0.105064
3.14159
6.10976
3.14159
0.057203
3.14159
0.0067938
6.25765
0.161238
3.14159
0.00785231
0.0194838
0.00107921
0.0550522
6.13331
6.258
3.14159
3.14159
4.71239
6.22532
0.148064
0.00414141
6.27012
3.14159
3.14159
0.00271703
6.26769
0.107788
6.25685
6.26365
4.71239
0.0118325
6.25092
0.00685668
3.14159
6.26281
6.25198
6.25091
6.27382
6.24839
6.16649
0.00969734
6.26148
0.00519476
1.5708
3.14159
6.23901
0.0222781
6.27583
3.14159
0.0987253
6.23479
0.0104233
0.0146442
6.27945
3.14159
0.0300504
3.14159
3.14159
6.26465
3.14159
3.14159
0.0153953
4.71239
1.5708
0.0182324
6.03208
3.14159
0.00364097
6.2043
3.14159
0.000571908
0.0102553
6.27824
3.14159
0.0628325
3.14159
6.1516
6.2822
4.71239
3.14159
0.00761849
6.27839
0.00326313
6.26358
3.14159
3.14159
0.0465678
0.00943488
0.0182311
6.25848
0.0104448
3.14159
6.27575
6.27704
0.0148493
0.00277755
3.14159
0.0235474
6.28164
3.14159
6.27879
3.14159
0.0143314
0.0975182
3.14159
6.27578
0.116789
3.14159
6.21099
0.688138
6.27401
6.2785
0.0181943
6.28065
6.27947
3.14159
3.14159
6.1461
5.69301
3.14159
3.14159
6.08605
6.27882
3.14159
1.5708
0.0770048
0.00466835
0.00936294
6.27577
6.27835
0.0914681
0.0687215
3.14159
0.0105384
6.02166
3.14159
0.010394
6.25781
6.27394
0.167794
0.00661162
6.28143
3.14159
6.27462
6.26867
0.0152415
3.14159
0.0424685
0.0154036
0.0115595
6.2493
3.14159
6.27406
6.26752
3.14159
6.19633
3.14159
3.14159
3.14159
6.23826
0.00883039
0.0303771
3.14159
0.0123981
6.26171
0.00173594
3.14159
0.0133019
3.14159
6.2657
3.14159
4.71239
0.04841
0.0168387
6.278
6.24887
0.00142273
3.14159
6.26758
0.0375141
3.14159
0.0941993
0.0121639
0.517576
0.00170636
0.00423245
0.00906462
3.14159
6.26467
0.0344463
6.28032
6.26612
0.00587258
3.14159
6.27996
6.21418
0.0429165
0.0066494
4.71239
3.14159
3.14159
6.25597
3.14159
3.14159
6.27144
3.14159
6.00611
1.5708
6.28064
6.28253
3.14159
3.14159
0.00686632
3.14159
0.0142884
6.26313
0.297515
3.14159
6.2678
5.60231
6.25812
3.14159
0.0012171
3.14159
0.0744509
3.14159
6.26514
3.14159
6.27814
0.00264812
0.00340887
0.453147
6.27731
3.14159
0.0234909
3.14159
6.27767
0.00420239
0.0124545
6.11011
6.2352
3.14159
0.00245582
0.00166179
0.226304
0.0290792
3.14159
6.17974
6.19333
0.325427
6.2527
0.500927
6.27724
3.14159
0.00911209
0.0468306
3.14159
3.14159
6.27113
0.00812926
0.121995
3.14159
0.00346265
0.0180446
6.12637
0.00829675
6.27837
6.23252
6.27444
3.14159
0.00695557
3.14159
0.00784442
